93.744	 0
92.763	 1
91.984	 2
91.005	 3
90.244	 4
89.269	 5
88.295	 6
87.556	 7
86.833	 8
86.128	 9
85.165	 10
83.934	 11
83.241	 12
82.28	 13
81.609	 14
80.654	 15
79.699	 16
78.746	 17
77.795	 18
77.162	 19
76.217	 20
75.611	 21
74.673	 22
73.736	 23
73.164	 24
72.236	 25
70.937	 26
70.385	 27
69.462	 28
68.154	 29
67.624	 30
67.119	 31
66.212	 32
65.307	 33
64.405	 34
63.506	 35
62.61	 36
61.717	 37
61.294	 38
60.415	 39
59.54	 40
58.669	 41
57.801	 42
56.939	 43
56.604	 44
55.758	 45
54.378	 46
53.535	 47
52.697	 48
51.865	 49
51.039	 50
50.22	 51
49.406	 52
48.6	 53
47.802	 54
47.011	 55
46.228	 56
45.453	 57
45.343	 58
44.598	 59
43.863	 60
43.139	 61
42.426	 62
41.725	 63
40.311	 64
40.361	 65
39.699	 66
39.051	 67
39.205	 68
38.601	 69
37.202	 70
37.443	 71
36.892	 72
35.511	 73
34.986	 74
35.355	 75
34.886	 76
34.438	 77
34.015	 78
33.615	 79
33.242	 80
32.894	 81
32.573	 82
32.28	 83
32.016	 84
31.78	 85
31.575	 86
31.401	 87
31.257	 88
30.15	 89
29.069	 90
29.017	 91
29.0	 92
29.017	 93
29.069	 94
30.15	 95
31.145	 96
32.14	 97
33.136	 98
34.234	 99
35.228	 100
36.222	 101
37.216	 102
38.328	 103
39.205	 104
40.311	 105
41.304	 106
42.297	 107
43.29	 108
44.181	 109
45.277	 110
46.271	 111
47.17	 112
48.166	 113
49.163	 114
50.16	 115
51.157	 116
52.154	 117
53.085	 118
54.083	 119
55.082	 120
56.08	 121
57.079	 122
58.034	 123
59.076	 124
60.033	 125
61.033	 126
62.008	 127
63.032	 128
64.008	 129
65.008	 130
66.0	 131
67.0	 132
68.0	 133
69.0	 134
70.0	 135
71.0	 136
72.007	 137
71.007	 138
72.028	 139
73.027	 140
74.007	 141
75.027	 142
76.026	 143
77.058	 144
78.058	 145
79.057	 146
80.1	 147
81.056	 148
82.055	 149
82.098	 150
83.15	 151
84.149	 152
85.147	 153
86.209	 154
87.144	 155
87.207	 156
88.278	 157
89.202	 158
90.2	 159
90.272	 160
91.351	 161
92.266	 162
93.263	 163
94.34	 164
95.336	 165
96.333	 166
97.417	 167
98.412	 168
99.504	 169
100.499	 170
101.494	 171
102.489	 172
103.586	 173
104.58	 174
105.575	 175
106.677	 176
107.564	 177
108.665	 178
109.659	 179
110.766	 180
111.759	 181
112.752	 182
113.745	 183
114.856	 184
115.732	 185
116.842	 186
117.835	 187
118.828	 188
119.942	 189
120.934	 190
122.053	 191
122.919	 192
123.911	 193
125.028	 194
126.02	 195
126.89	 196
127.012	 197
128.133	 198
128.996	 199
129.869	 200
130.981	 201
131.973	 202
133.09	 203
134.082	 204
135.074	 205
136.066	 206
137.186	 207
138.051	 208
139.169	 209
140.036	 210
141.152	 211
142.144	 212
143.014	 213
144.128	 214
145.121	 215
146.113	 216
147.231	 217
148.098	 218
148.973	 219
149.091	 220
150.207	 221
151.076	 222
151.199	 223
150.336	 224
149.215	 225
149.345	 226
148.354	 227
148.492	 228
147.648	 229
148.788	 230
149.777	 231
149.933	 232
151.083	 233
152.069	 234
153.222	 235
152.237	 236
153.395	 237
154.379	 238
155.364	 239
156.525	 240
157.334	 241
158.319	 242
159.138	 243
160.125	 244
160.953	 245
161.79	 246
161.645	 247
162.496	 248
163.355	 249
163.23	 250
164.104	 251
163.991	 252
163.884	 253
164.779	 254
165.774	 255
166.676	 256
167.672	 257
168.668	 258
169.579	 259
170.496	 260
171.493	 261
172.418	 262
173.416	 263
174.413	 264
175.345	 265
176.343	 266
177.282	 267
178.227	 268
179.279	 269
180.225	 270
181.177	 271
182.176	 272
183.134	 273
184.133	 274
185.132	 275
186.132	 276
187.096	 277
188.066	 278
189.042	 279
190.066	 280
191.042	 281
192.023	 282
193.023	 283
194.01	 284
195.01	 285
196.01	 286
197.003	 287
198.003	 288
199.0	 289
200.002	 290
201.002	 291
202.002	 292
203.01	 293
204.022	 294
205.039	 295
206.039	 296
207.039	 297
208.038	 298
209.06	 299
210.086	 300
211.085	 301
212.116	 302
213.15	 303
214.149	 304
215.149	 305
216.187	 306
217.23	 307
218.277	 308
219.276	 309
220.275	 310
221.326	 311
222.38	 312
223.379	 313
224.437	 314
225.499	 315
226.497	 316
227.563	 317
228.633	 318
229.63	 319
230.703	 320
231.625	 321
232.697	 322
232.777	 323
233.857	 324
234.94	 325
235.936	 326
237.023	 327
238.019	 328
239.109	 329
240.202	 330
241.299	 331
242.398	 332
243.393	 333
244.495	 334
245.601	 335
246.71	 336
247.823	 337
248.938	 338
250.056	 339
251.177	 340
252.301	 341
253.428	 342
254.558	 343
255.548	 344
256.681	 345
257.816	 346
258.954	 347
259.106	 348
260.25	 349
261.396	 350
262.545	 351
263.697	 352
263.865	 353
265.023	 354
266.182	 355
267.344	 356
268.509	 357
269.676	 358
269.863	 359
271.035	 360
272.209	 361
273.386	 362
274.565	 363
274.767	 364
275.951	 365
276.159	 366
277.348	 367
278.539	 368
279.732	 369
279.952	 370
281.149	 371
281.375	 372
282.577	 373
283.782	 374
284.016	 375
285.224	 376
286.435	 377
286.678	 378
287.892	 379
288.141	 380
289.36	 381
289.614	 382
290.837	 383
291.096	 384
292.323	 385
293.552	 386
294.783	 387
296.015	 388
296.287	 389
297.523	 390
297.8	 391
298.081	 392
298.364	 393
299.608	 394
300.854	 395
302.101	 396
303.35	 397
303.645	 398
303.942	 399
305.197	 400
305.5	 401
306.757	 402
307.065	 403
308.326	 404
308.639	 405
309.903	 406
310.221	 407
311.488	 408
311.811	 409
312.136	 410
313.409	 411
314.682	 412
315.014	 413
316.291	 414
316.628	 415
316.967	 416
317.309	 417
318.592	 418
319.877	 419
320.225	 420
321.512	 421
321.865	 422
322.22	 423
323.512	 424
323.872	 425
325.166	 426
325.53	 427
325.897	 428
326.267	 429
326.639	 430
327.941	 431
328.317	 432
328.696	 433
329.077	 434
329.462	 435
330.77	 436
331.159	 437
331.549	 438
331.943	 439
332.339	 440
332.737	 441
333.138	 442
332.627	 443
333.035	 444
333.444	 445
333.856	 446
334.271	 447
334.688	 448
335.107	 449
335.529	 450
335.049	 451
335.477	 452
335.908	 453
335.44	 454
335.876	 455
336.315	 456
336.757	 457
335.86	 458
335.41	 459
334.966	 460
334.516	 461
333.623	 462
332.28	 463
331.833	 464
330.492	 465
330.048	 466
329.152	 467
327.812	 468
326.474	 469
325.135	 470
323.798	 471
322.461	 472
321.562	 473
320.225	 474
319.326	 475
317.989	 476
317.09	 477
315.753	 478
315.294	 479
314.854	 480
313.955	 481
313.517	 482
312.618	 483
311.719	 484
311.264	 485
310.821	 486
309.924	 487
309.028	 488
307.688	 489
306.791	 490
306.341	 491
305.895	 492
305.0	 493
304.105	 494
303.211	 495
302.318	 496
301.425	 497
300.533	 498
299.641	 499
298.751	 500
297.861	 501
296.971	 502
296.543	 503
296.083	 504
295.195	 505
294.308	 506
293.421	 507
292.535	 508
292.118	 509
291.235	 510
290.353	 511
289.472	 512
289.067	 513
288.189	 514
287.312	 515
286.435	 516
286.044	 517
285.17	 518
284.297	 519
283.917	 520
283.544	 521
282.676	 522
282.312	 523
282.816	 524
281.448	 525
280.585	 526
280.232	 527
280.744	 528
279.373	 529
279.029	 530
278.692	 531
277.838	 532
277.51	 533
278.038	 534
276.66	 535
276.986	 536
276.66	 537
275.283	 538
274.964	 539
274.434	 540
273.585	 541
273.057	 542
271.68	 543
270.304	 544
268.927	 545
268.604	 546
268.076	 547
267.226	 548
266.7	 549
265.324	 550
264.473	 551
263.097	 552
261.721	 553
260.346	 554
259.494	 555
258.118	 556
257.597	 557
256.743	 558
255.891	 559
255.039	 560
253.663	 561
252.288	 562
251.962	 563
251.114	 564
251.436	 565
251.114	 566
249.736	 567
248.888	 568
249.209	 569
248.359	 570
247.51	 571
246.662	 572
245.815	 573
244.436	 574
243.59	 575
242.745	 576
241.365	 577
240.52	 578
239.677	 579
238.296	 580
237.994	 581
237.453	 582
236.611	 583
235.23	 584
234.932	 585
234.389	 586
233.549	 587
233.257	 588
232.71	 589
231.873	 590
231.037	 591
230.202	 592
229.369	 593
227.982	 594
227.15	 595
226.318	 596
225.488	 597
224.66	 598
223.833	 599
223.573	 600
224.143	 601
222.751	 602
223.007	 603
222.751	 604
221.359	 605
221.111	 606
220.293	 607
220.538	 608
220.293	 609
218.9	 610
218.662	 611
219.244	 612
217.849	 613
217.037	 614
216.816	 615
216.009	 616
215.205	 617
214.401	 618
213.002	 619
212.8	 620
213.403	 621
212.002	 622
212.2	 623
212.002	 624
210.602	 625
210.412	 626
211.021	 627
210.231	 628
209.442	 629
209.275	 630
208.655	 631
207.87	 632
207.711	 633
206.932	 634
206.155	 635
205.38	 636
205.244	 637
204.475	 638
204.353	 639
203.59	 640
203.482	 641
203.384	 642
202.726	 643
201.973	 644
201.884	 645
202.549	 646
201.804	 647
201.062	 648
200.998	 649
200.262	 650
199.529	 651
199.484	 652
200.172	 653
198.759	 654
198.728	 655
198.708	 656
198.698	 657
198.698	 658
198.708	 659
198.01	 660
197.314	 661
197.345	 662
196.657	 663
196.703	 664
197.436	 665
196.759	 666
196.825	 667
196.901	 668
196.237	 669
196.329	 670
195.673	 671
195.78	 672
195.133	 673
195.256	 674
194.618	 675
194.756	 676
194.126	 677
193.982	 678
194.126	 679
192.72	 680
192.094	 681
190.688	 682
189.908	 683
189.13	 684
188.987	 685
188.353	 686
187.723	 687
188.353	 688
188.215	 689
187.446	 690
186.679	 691
185.27	 692
184.505	 693
183.861	 694
183.742	 695
182.332	 696
181.571	 697
180.161	 698
178.751	 699
177.992	 700
177.341	 701
175.932	 702
175.171	 703
173.761	 704
173.113	 705
173.003	 706
172.351	 707
171.703	 708
170.294	 709
169.532	 710
168.885	 711
167.475	 712
166.832	 713
166.193	 714
164.785	 715
163.377	 716
162.742	 717
161.335	 718
161.484	 719
160.705	 720
160.078	 721
158.673	 722
158.051	 723
156.646	 724
156.818	 725
156.029	 726
155.416	 727
154.806	 728
154.201	 729
152.801	 730
151.4	 731
151.605	 732
151.013	 733
150.801	 734
151.013	 735
149.616	 736
149.03	 737
148.449	 738
148.691	 739
147.872	 740
147.299	 741
145.908	 742
146.168	 743
145.341	 744
144.779	 745
144.222	 746
143.67	 747
143.962	 748
143.122	 749
142.58	 750
142.888	 751
142.042	 752
141.51	 753
141.834	 754
140.982	 755
140.46	 756
140.801	 757
140.293	 758
139.943	 759
140.293	 760
138.924	 761
138.423	 762
138.798	 763
138.311	 764
137.928	 765
138.311	 766
136.953	 767
137.354	 768
138.235	 769
136.883	 770
137.306	 771
136.85	 772
136.4	 773
135.956	 774
136.418	 775
135.518	 776
135.085	 777
135.565	 778
135.148	 779
134.737	 780
135.248	 781
134.332	 782
133.933	 783
134.462	 784
135.385	 785
134.078	 786
133.701	 787
134.261	 788
135.192	 789
133.899	 790
134.48	 791
134.134	 792
133.795	 793
133.462	 794
134.082	 795
133.765	 796
134.406	 797
135.359	 798
135.059	 799
133.81	 800
134.48	 801
135.44	 802
135.163	 803
134.893	 804
135.595	 805
136.308	 806
135.34	 807
135.093	 808
135.823	 809
136.565	 810
137.317	 811
138.08	 812
137.873	 813
138.654	 814
138.463	 815
138.279	 816
139.086	 817
140.071	 818
139.904	 819
140.73	 820
141.566	 821
141.421	 822
142.274	 823
143.265	 824
144.128	 825
144.007	 826
144.886	 827
145.88	 828
145.774	 829
145.674	 830
146.578	 831
147.574	 832
148.486	 833
149.405	 834
150.403	 835
151.331	 836
151.268	 837
152.21	 838
153.209	 839
153.16	 840
154.117	 841
155.081	 842
156.08	 843
157.08	 844
158.051	 845
159.05	 846
160.05	 847
161.028	 848
162.028	 849
163.028	 850
164.012	 851
165.012	 852
166.012	 853
167.027	 854
167.048	 855
168.074	 856
169.106	 857
170.144	 858
170.188	 859
171.237	 860
172.235	 861
173.289	 862
174.347	 863
175.345	 864
176.343	 865
177.341	 866
178.34	 867
179.338	 868
180.336	 869
181.334	 870
181.276	 871
182.222	 872
183.273	 873
184.272	 874
184.22	 875
185.173	 876
186.132	 877
185.132	 878
185.097	 879
186.067	 880
187.043	 881
188.043	 882
189.024	 883
190.011	 884
190.003	 885
190.0	 886
189.003	 887
189.011	 888
189.024	 889
190.042	 890
190.066	 891
190.095	 892
190.129	 893
190.168	 894
190.213	 895
189.264	 896
188.322	 897
187.385	 898
186.454	 899
185.456	 900
185.529	 901
184.61	 902
183.614	 903
182.702	 904
181.62	 905
181.706	 906
181.797	 907
181.706	 908
180.624	 909
180.544	 910
179.471	 911
180.4	 912
180.336	 913
179.279	 914
179.226	 915
178.227	 916
177.229	 917
177.282	 918
176.23	 919
175.285	 920
174.347	 921
173.416	 922
172.418	 923
171.421	 924
170.423	 925
169.499	 926
168.502	 927
167.586	 928
166.589	 929
165.593	 930
164.596	 931
163.689	 932
162.788	 933
162.89	 934
161.793	 935
161.895	 936
162.003	 937
163.11	 938
164.222	 939
163.23	 940
163.355	 941
164.478	 942
165.469	 943
164.615	 944
164.757	 945
165.895	 946
166.883	 947
167.036	 948
166.208	 949
167.359	 950
168.345	 951
169.499	 952
169.673	 953
169.853	 954
171.02	 955
172.192	 956
172.386	 957
173.566	 958
173.77	 959
173.98	 960
175.171	 961
175.391	 962
176.59	 963
175.616	 964
175.847	 965
177.054	 966
178.264	 967
179.477	 968
180.693	 969
180.945	 970
182.168	 971
182.428	 972
183.657	 973
184.889	 974
185.162	 975
186.4	 976
187.641	 977
188.884	 978
190.129	 979
190.421	 980
191.672	 981
192.925	 982
193.879	 983
194.18	 984
195.438	 985
196.698	 986
197.01	 987
198.275	 988
198.595	 989
198.92	 990
200.192	 991
201.137	 992
202.41	 993
202.744	 994
204.022	 995
204.362	 996
205.645	 997
206.93	 998
207.868	 999
208.216	 1000
209.504	 1001
210.794	 1002
211.729	 1003
211.152	 1004
212.445	 1005
213.378	 1006
214.672	 1007
215.037	 1008
216.335	 1009
217.265	 1010
217.635	 1011
217.083	 1012
218.387	 1013
219.313	 1014
219.693	 1015
220.077	 1016
221.387	 1017
222.697	 1018
224.009	 1019
224.404	 1020
225.719	 1021
226.119	 1022
226.524	 1023
227.844	 1024
229.166	 1025
230.078	 1026
230.489	 1027
229.993	 1028
231.32	 1029
232.228	 1030
231.741	 1031
233.071	 1032
234.401	 1033
234.83	 1034
235.262	 1035
236.597	 1036
237.034	 1037
238.372	 1038
238.814	 1039
237.474	 1040
238.814	 1041
238.365	 1042
239.708	 1043
240.601	 1044
240.16	 1045
238.816	 1046
240.16	 1047
239.727	 1048
239.301	 1049
237.952	 1050
238.416	 1051
237.065	 1052
236.603	 1053
236.144	 1054
235.255	 1055
233.908	 1056
234.367	 1057
233.019	 1058
232.562	 1059
232.108	 1060
231.216	 1061
229.872	 1062
229.421	 1063
228.528	 1064
227.185	 1065
227.636	 1066
226.292	 1067
225.843	 1068
224.949	 1069
223.607	 1070
224.056	 1071
222.713	 1072
222.266	 1073
221.371	 1074
220.03	 1075
220.477	 1076
219.135	 1077
218.689	 1078
217.793	 1079
216.453	 1080
216.899	 1081
215.557	 1082
214.217	 1083
214.663	 1084
213.321	 1085
212.878	 1086
211.981	 1087
211.085	 1088
209.745	 1089
210.19	 1090
208.849	 1091
208.406	 1092
207.509	 1093
206.17	 1094
206.613	 1095
205.273	 1096
203.934	 1097
204.377	 1098
203.037	 1099
202.596	 1100
201.698	 1101
200.36	 1102
200.801	 1103
201.246	 1104
200.801	 1105
199.462	 1106
198.565	 1107
199.01	 1108
197.669	 1109
196.329	 1110
196.774	 1111
195.433	 1112
194.093	 1113
194.538	 1114
193.197	 1115
192.302	 1116
191.408	 1117
190.066	 1118
190.515	 1119
189.172	 1120
188.279	 1121
186.936	 1122
187.387	 1123
186.043	 1124
185.594	 1125
184.7	 1126
183.807	 1127
184.261	 1128
182.915	 1129
182.025	 1130
182.483	 1131
181.135	 1132
180.679	 1133
179.789	 1134
178.899	 1135
177.553	 1136
177.099	 1137
176.207	 1138
175.775	 1139
174.428	 1140
174.889	 1141
175.354	 1142
174.889	 1143
173.54	 1144
172.653	 1145
171.767	 1146
170.417	 1147
170.883	 1148
169.532	 1149
168.648	 1150
167.296	 1151
167.765	 1152
168.238	 1153
167.765	 1154
166.412	 1155
166.003	 1156
165.124	 1157
164.247	 1158
162.89	 1159
163.371	 1160
162.012	 1161
161.137	 1162
160.262	 1163
160.751	 1164
159.389	 1165
159.013	 1166
157.648	 1167
158.146	 1168
156.78	 1169
155.913	 1170
155.554	 1171
154.185	 1172
154.693	 1173
153.323	 1174
152.463	 1175
151.605	 1176
150.748	 1177
151.268	 1178
149.893	 1179
149.04	 1180
148.189	 1181
147.34	 1182
146.492	 1183
147.027	 1184
145.647	 1185
144.803	 1186
144.506	 1187
143.122	 1188
143.67	 1189
142.285	 1190
141.45	 1191
142.004	 1192
140.616	 1193
140.346	 1194
139.521	 1195
140.089	 1196
138.698	 1197
138.452	 1198
137.058	 1199
137.637	 1200
136.242	 1201
136.825	 1202
136.605	 1203
135.801	 1204
135.0	 1205
134.201	 1206
134.807	 1207
133.405	 1208
133.225	 1209
132.439	 1210
131.655	 1211
131.503	 1212
131.366	 1213
131.244	 1214
130.484	 1215
129.727	 1216
128.973	 1217
129.634	 1218
128.222	 1219
127.475	 1220
126.063	 1221
126.732	 1222
127.405	 1223
126.732	 1224
125.32	 1225
124.579	 1226
125.256	 1227
123.843	 1228
123.11	 1229
121.696	 1230
122.381	 1231
120.967	 1232
120.934	 1233
119.52	 1234
120.216	 1235
118.802	 1236
118.794	 1237
118.089	 1238
118.802	 1239
117.388	 1240
116.692	 1241
116.726	 1242
116.043	 1243
115.365	 1244
116.103	 1245
114.691	 1246
115.434	 1247
115.521	 1248
116.276	 1249
117.034	 1250
117.796	 1251
119.206	 1252
119.971	 1253
118.562	 1254
119.971	 1255
120.104	 1256
121.511	 1257
122.147	 1258
122.287	 1259
123.065	 1260
124.471	 1261
125.252	 1262
126.657	 1263
126.036	 1264
126.823	 1265
128.226	 1266
129.63	 1267
130.419	 1268
131.822	 1269
132.439	 1270
133.843	 1271
134.629	 1272
135.418	 1273
136.821	 1274
136.209	 1275
137.004	 1276
137.801	 1277
138.004	 1278
137.412	 1279
137.637	 1280
137.877	 1281
138.13	 1282
138.398	 1283
137.844	 1284
137.295	 1285
138.134	 1286
136.752	 1287
137.058	 1288
136.528	 1289
135.152	 1290
134.302	 1291
133.776	 1292
132.401	 1293
133.255	 1294
134.112	 1295
133.255	 1296
131.883	 1297
131.027	 1298
130.511	 1299
130.0	 1300
130.863	 1301
129.495	 1302
128.631	 1303
127.769	 1304
126.4	 1305
127.264	 1306
125.897	 1307
125.032	 1308
123.665	 1309
124.531	 1310
123.167	 1311
122.299	 1312
121.433	 1313
120.067	 1314
119.202	 1315
118.849	 1316
118.338	 1317
116.97	 1318
116.619	 1319
115.763	 1320
115.434	 1321
114.057	 1322
114.909	 1323
113.534	 1324
112.681	 1325
111.83	 1326
111.306	 1327
109.932	 1328
110.788	 1329
109.417	 1330
108.908	 1331
108.407	 1332
107.042	 1333
107.912	 1334
106.55	 1335
106.066	 1336
104.709	 1337
105.589	 1338
104.235	 1339
103.769	 1340
102.421	 1341
103.31	 1342
101.966	 1343
101.518	 1344
102.416	 1345
101.079	 1346
100.648	 1347
100.225	 1348
99.81	 1349
100.722	 1350
99.403	 1351
99.005	 1352
98.615	 1353
97.309	 1354
98.234	 1355
96.933	 1356
96.566	 1357
97.499	 1358
96.208	 1359
96.799	 1360
95.52	 1361
96.462	 1362
95.189	 1363
94.868	 1364
94.557	 1365
95.509	 1366
94.255	 1367
93.963	 1368
93.68	 1369
93.408	 1370
92.179	 1371
93.145	 1372
91.924	 1373
92.65	 1374
91.444	 1375
92.418	 1376
91.22	 1377
91.005	 1378
91.782	 1379
91.591	 1380
91.411	 1381
90.255	 1382
91.241	 1383
90.094	 1384
90.934	 1385
90.796	 1386
91.788	 1387
90.67	 1388
90.554	 1389
90.449	 1390
90.355	 1391
90.272	 1392
91.269	 1393
90.2	 1394
90.139	 1395
91.088	 1396
91.049	 1397
91.022	 1398
91.005	 1399
91.0	 1400
91.005	 1401
92.005	 1402
91.022	 1403
91.049	 1404
92.049	 1405
91.088	 1406
92.136	 1407
92.195	 1408
92.266	 1409
93.343	 1410
93.434	 1411
93.536	 1412
93.648	 1413
94.763	 1414
94.895	 1415
95.885	 1416
95.037	 1417
95.189	 1418
96.338	 1419
96.509	 1420
96.69	 1421
97.862	 1422
98.061	 1423
99.247	 1424
98.489	 1425
99.464	 1426
98.717	 1427
99.69	 1428
100.896	 1429
101.139	 1430
101.39	 1431
102.616	 1432
102.883	 1433
103.846	 1434
103.16	 1435
104.403	 1436
104.695	 1437
105.65	 1438
104.995	 1439
106.254	 1440
107.517	 1441
107.838	 1442
109.11	 1443
109.444	 1444
110.725	 1445
111.072	 1446
112.009	 1447
111.427	 1448
112.721	 1449
114.018	 1450
114.39	 1451
115.317	 1452
114.769	 1453
116.078	 1454
117.388	 1455
118.701	 1456
120.017	 1457
120.42	 1458
121.742	 1459
122.156	 1460
123.483	 1461
123.907	 1462
124.812	 1463
126.143	 1464
126.574	 1465
127.91	 1466
129.248	 1467
129.692	 1468
130.587	 1469
131.928	 1470
132.378	 1471
133.27	 1472
134.614	 1473
135.07	 1474
136.418	 1475
137.768	 1476
139.119	 1477
139.589	 1478
140.471	 1479
141.354	 1480
142.706	 1481
143.178	 1482
144.059	 1483
145.413	 1484
146.769	 1485
147.648	 1486
149.003	 1487
149.482	 1488
150.841	 1489
151.717	 1490
153.075	 1491
154.434	 1492
155.309	 1493
156.668	 1494
157.064	 1495
157.544	 1496
158.42	 1497
158.902	 1498
160.262	 1499
160.655	 1500
161.137	 1501
162.012	 1502
162.89	 1503
162.496	 1504
163.371	 1505
164.247	 1506
165.605	 1507
166.481	 1508
166.09	 1509
166.964	 1510
167.839	 1511
169.198	 1512
169.594	 1513
170.074	 1514
170.95	 1515
172.308	 1516
173.185	 1517
172.792	 1518
173.666	 1519
174.542	 1520
174.943	 1521
175.419	 1522
176.298	 1523
177.654	 1524
178.059	 1525
178.941	 1526
178.533	 1527
178.941	 1528
180.294	 1529
180.71	 1530
181.177	 1531
182.06	 1532
182.945	 1533
183.831	 1534
184.719	 1535
185.607	 1536
186.955	 1537
187.417	 1538
187.883	 1539
188.767	 1540
188.353	 1541
189.708	 1542
189.307	 1543
190.184	 1544
189.789	 1545
190.276	 1546
189.897	 1547
190.767	 1548
190.394	 1549
191.76	 1550
191.4	 1551
192.263	 1552
191.909	 1553
191.05	 1554
191.565	 1555
192.083	 1556
191.755	 1557
192.606	 1558
193.458	 1559
192.606	 1560
192.284	 1561
192.816	 1562
193.352	 1563
193.052	 1564
193.892	 1565
193.598	 1566
193.313	 1567
194.147	 1568
193.869	 1569
194.427	 1570
194.99	 1571
195.816	 1572
195.556	 1573
194.733	 1574
195.305	 1575
195.88	 1576
196.698	 1577
196.459	 1578
195.645	 1579
196.229	 1580
196.817	 1581
196.604	 1582
197.408	 1583
198.215	 1584
197.408	 1585
197.2	 1586
197.8	 1587
197.608	 1588
198.404	 1589
198.217	 1590
198.829	 1591
199.62	 1592
199.444	 1593
199.279	 1594
200.062	 1595
199.902	 1596
200.529	 1597
201.308	 1598
201.159	 1599
200.385	 1600
201.02	 1601
202.428	 1602
202.299	 1603
203.066	 1604
202.943	 1605
203.59	 1606
204.24	 1607
204.137	 1608
204.893	 1609
204.795	 1610
205.456	 1611
206.119	 1612
206.867	 1613
206.785	 1614
206.041	 1615
206.712	 1616
208.125	 1617
208.062	 1618
208.799	 1619
208.741	 1620
209.423	 1621
210.107	 1622
210.836	 1623
210.794	 1624
211.483	 1625
212.174	 1626
212.869	 1627
212.85	 1628
213.565	 1629
214.283	 1630
213.565	 1631
213.551	 1632
214.965	 1633
214.96	 1634
215.669	 1635
215.669	 1636
216.379	 1637
217.793	 1638
218.506	 1639
219.221	 1640
219.244	 1641
219.939	 1642
219.966	 1643
221.38	 1644
221.416	 1645
222.104	 1646
222.144	 1647
222.874	 1648
223.558	 1649
223.607	 1650
225.02	 1651
225.078	 1652
225.754	 1653
225.816	 1654
227.229	 1655
227.969	 1656
228.642	 1657
228.712	 1658
229.456	 1659
230.202	 1660
230.868	 1661
230.95	 1662
232.362	 1663
232.452	 1664
233.112	 1665
233.206	 1666
233.962	 1667
234.617	 1668
234.719	 1669
235.372	 1670
236.129	 1671
236.783	 1672
236.888	 1673
237.649	 1674
238.411	 1675
239.059	 1676
239.176	 1677
240.585	 1678
241.35	 1679
242.118	 1680
243.526	 1681
244.295	 1682
245.065	 1683
245.837	 1684
246.611	 1685
247.386	 1686
248.163	 1687
248.793	 1688
248.942	 1689
250.348	 1690
251.127	 1691
252.533	 1692
253.314	 1693
254.096	 1694
254.88	 1695
256.285	 1696
257.07	 1697
257.857	 1698
258.645	 1699
259.434	 1700
260.837	 1701
261.628	 1702
263.03	 1703
263.822	 1704
264.615	 1705
266.017	 1706
266.811	 1707
268.213	 1708
269.007	 1709
270.409	 1710
271.205	 1711
271.811	 1712
273.212	 1713
274.007	 1714
275.409	 1715
276.205	 1716
277.002	 1717
277.606	 1718
279.007	 1719
279.804	 1720
281.205	 1721
281.016	 1722
281.81	 1723
282.418	 1724
283.212	 1725
284.614	 1726
285.408	 1727
286.016	 1728
286.625	 1729
288.028	 1730
289.43	 1731
290.833	 1732
290.658	 1733
291.446	 1734
292.062	 1735
293.466	 1736
294.869	 1737
296.274	 1738
297.061	 1739
297.678	 1740
297.849	 1741
298.027	 1742
298.639	 1743
299.252	 1744
298.639	 1745
298.819	 1746
299.613	 1747
299.803	 1748
300.408	 1749
300.601	 1750
300.0	 1751
300.203	 1752
300.801	 1753
301.007	 1754
302.405	 1755
303.209	 1756
303.424	 1757
304.015	 1758
304.232	 1759
305.041	 1760
306.438	 1761
306.663	 1762
307.247	 1763
307.475	 1764
308.289	 1765
308.871	 1766
309.104	 1767
309.919	 1768
310.736	 1769
311.313	 1770
311.554	 1771
312.373	 1772
313.193	 1773
313.766	 1774
314.014	 1775
314.836	 1776
315.66	 1777
316.484	 1778
317.874	 1779
318.699	 1780
319.525	 1781
320.351	 1782
321.179	 1783
322.008	 1784
323.396	 1785
324.225	 1786
325.055	 1787
325.886	 1788
326.443	 1789
326.719	 1790
328.105	 1791
328.938	 1792
330.324	 1793
331.711	 1794
332.543	 1795
333.377	 1796
334.211	 1797
334.763	 1798
336.149	 1799
336.982	 1800
337.535	 1801
338.922	 1802
339.754	 1803
341.141	 1804
341.974	 1805
342.808	 1806
343.36	 1807
344.746	 1808
345.579	 1809
346.965	 1810
347.799	 1811
348.352	 1812
349.738	 1813
350.571	 1814
351.957	 1815
353.344	 1816
353.624	 1817
354.177	 1818
354.459	 1819
353.91	 1820
353.362	 1821
353.657	 1822
353.115	 1823
351.733	 1824
352.575	 1825
352.881	 1826
351.501	 1827
350.967	 1828
350.435	 1829
349.906	 1830
350.228	 1831
348.852	 1832
348.329	 1833
348.662	 1834
347.288	 1835
346.771	 1836
347.114	 1837
345.743	 1838
344.372	 1839
345.232	 1840
345.585	 1841
344.217	 1842
343.712	 1843
343.21	 1844
341.844	 1845
342.71	 1846
343.08	 1847
341.716	 1848
340.353	 1849
339.86	 1850
339.37	 1851
338.009	 1852
337.522	 1853
337.037	 1854
336.555	 1855
336.074	 1856
334.718	 1857
335.121	 1858
333.766	 1859
333.294	 1860
332.824	 1861
331.472	 1862
330.121	 1863
330.542	 1864
329.193	 1865
328.732	 1866
328.274	 1867
326.928	 1868
326.474	 1869
325.129	 1870
324.678	 1871
323.336	 1872
322.889	 1873
321.548	 1874
321.104	 1875
319.766	 1876
320.225	 1877
318.889	 1878
318.454	 1879
317.12	 1880
316.689	 1881
315.357	 1882
314.93	 1883
313.6	 1884
312.271	 1885
312.757	 1886
311.431	 1887
311.014	 1888
309.69	 1889
308.367	 1890
307.956	 1891
306.635	 1892
305.315	 1893
305.825	 1894
304.508	 1895
303.191	 1896
302.794	 1897
301.48	 1898
301.086	 1899
299.775	 1900
299.386	 1901
298.077	 1902
296.769	 1903
296.387	 1904
295.081	 1905
294.703	 1906
293.401	 1907
292.099	 1908
291.728	 1909
291.359	 1910
290.062	 1911
288.766	 1912
287.472	 1913
286.178	 1914
285.82	 1915
284.529	 1916
283.24	 1917
282.305	 1918
281.016	 1919
280.665	 1920
280.318	 1921
279.034	 1922
277.752	 1923
276.812	 1924
275.53	 1925
274.25	 1926
272.971	 1927
271.693	 1928
271.36	 1929
270.085	 1930
269.141	 1931
267.868	 1932
266.595	 1933
265.324	 1934
264.055	 1935
262.787	 1936
261.521	 1937
261.205	 1938
259.942	 1939
258.681	 1940
257.422	 1941
256.47	 1942
255.519	 1943
254.26	 1944
253.308	 1945
252.05	 1946
250.793	 1947
249.538	 1948
248.284	 1949
247.032	 1950
245.782	 1951
244.534	 1952
243.578	 1953
242.33	 1954
241.085	 1955
240.127	 1956
238.883	 1957
237.924	 1958
236.681	 1959
235.44	 1960
234.201	 1961
232.964	 1962
232.002	 1963
231.041	 1964
229.804	 1965
228.569	 1966
227.607	 1967
226.374	 1968
225.142	 1969
223.913	 1970
222.948	 1971
221.984	 1972
220.756	 1973
219.529	 1974
218.305	 1975
217.338	 1976
216.116	 1977
215.149	 1978
213.928	 1979
212.709	 1980
211.74	 1981
210.523	 1982
209.554	 1983
208.339	 1984
207.126	 1985
206.155	 1986
205.185	 1987
203.973	 1988
202.763	 1989
201.556	 1990
202.299	 1991
202.074	 1992
203.049	 1993
204.025	 1994
205.222	 1995
206.197	 1996
206.952	 1997
207.171	 1998
207.396	 1999
207.171	 2000
207.928	 2001
207.714	 2002
208.483	 2003
208.691	 2004
209.461	 2005
209.258	 2006
209.06	 2007
207.885	 2008
206.712	 2009
205.543	 2010
204.377	 2011
203.394	 2012
202.41	 2013
201.246	 2014
200.262	 2015
199.279	 2016
198.295	 2017
197.497	 2018
196.705	 2019
195.724	 2020
194.941	 2021
193.961	 2022
194.165	 2023
194.373	 2024
193.61	 2025
192.634	 2026
191.88	 2027
190.906	 2028
189.932	 2029
188.958	 2030
187.984	 2031
186.783	 2032
185.586	 2033
184.61	 2034
183.636	 2035
182.661	 2036
181.687	 2037
180.712	 2038
179.739	 2039
178.765	 2040
177.792	 2041
176.819	 2042
175.847	 2043
174.874	 2044
173.902	 2045
172.931	 2046
171.959	 2047
170.988	 2048
170.018	 2049
169.047	 2050
167.836	 2051
166.865	 2052
165.895	 2053
164.924	 2054
163.954	 2055
162.985	 2056
162.015	 2057
160.801	 2058
159.831	 2059
158.862	 2060
157.892	 2061
156.924	 2062
155.708	 2063
154.738	 2064
153.769	 2065
152.801	 2066
151.832	 2067
150.864	 2068
149.897	 2069
148.93	 2070
147.963	 2071
146.741	 2072
145.774	 2073
145.066	 2074
143.84	 2075
142.874	 2076
141.908	 2077
140.943	 2078
139.979	 2079
139.014	 2080
138.051	 2081
137.088	 2082
136.125	 2083
135.163	 2084
134.201	 2085
133.24	 2086
132.28	 2087
131.32	 2088
130.081	 2089
129.12	 2090
128.445	 2091
129.402	 2092
129.692	 2093
130.361	 2094
129.692	 2095
130.361	 2096
129.692	 2097
130.361	 2098
129.692	 2099
130.361	 2100
131.32	 2101
130.081	 2102
129.12	 2103
128.445	 2104
129.402	 2105
128.445	 2106
129.402	 2107
128.445	 2108
129.402	 2109
128.445	 2110
129.402	 2111
129.692	 2112
130.361	 2113
131.32	 2114
130.081	 2115
129.12	 2116
129.808	 2117
130.771	 2118
131.472	 2119
131.735	 2120
132.439	 2121
132.185	 2122
132.91	 2123
132.673	 2124
133.417	 2125
132.22	 2126
131.027	 2127
129.838	 2128
128.655	 2129
127.675	 2130
126.905	 2131
125.929	 2132
124.74	 2133
123.556	 2134
122.376	 2135
122.184	 2136
122.0	 2137
121.824	 2138
120.669	 2139
120.507	 2140
120.354	 2141
119.218	 2142
119.08	 2143
117.958	 2144
116.842	 2145
116.726	 2146
116.619	 2147
115.525	 2148
114.438	 2149
114.355	 2150
113.283	 2151
112.219	 2152
112.161	 2153
113.111	 2154
112.071	 2155
111.072	 2156
110.041	 2157
110.018	 2158
109.005	 2159
108.0	 2160
108.005	 2161
107.019	 2162
107.042	 2163
107.075	 2164
106.118	 2165
106.17	 2166
105.233	 2167
105.304	 2168
104.389	 2169
103.484	 2170
102.489	 2171
101.597	 2172
100.717	 2173
99.85	 2174
98.995	 2175
98.005	 2176
97.015	 2177
96.177	 2178
95.352	 2179
0.0	 2180
0.0	 2181
0.0	 2182
0.0	 2183
0.0	 2184
0.0	 2185
0.0	 2186
0.0	 2187
0.0	 2188
0.0	 2189
0.0	 2190
0.0	 2191
0.0	 2192
0.0	 2193
0.0	 2194
0.0	 2195
0.0	 2196
0.0	 2197
0.0	 2198
0.0	 2199
0.0	 2200
0.0	 2201
0.0	 2202
0.0	 2203
0.0	 2204
0.0	 2205
0.0	 2206
0.0	 2207
0.0	 2208
0.0	 2209
0.0	 2210
0.0	 2211
0.0	 2212
0.0	 2213
0.0	 2214
0.0	 2215
0.0	 2216
0.0	 2217
0.0	 2218
0.0	 2219
0.0	 2220
0.0	 2221
0.0	 2222
0.0	 2223
0.0	 2224
0.0	 2225
0.0	 2226
0.0	 2227
0.0	 2228
0.0	 2229
0.0	 2230
0.0	 2231
0.0	 2232
0.0	 2233
0.0	 2234
0.0	 2235
0.0	 2236
0.0	 2237
0.0	 2238
0.0	 2239
0.0	 2240
0.0	 2241
0.0	 2242
0.0	 2243
0.0	 2244
0.0	 2245
0.0	 2246
0.0	 2247
0.0	 2248
0.0	 2249
0.0	 2250
0.0	 2251
0.0	 2252
0.0	 2253
0.0	 2254
0.0	 2255
0.0	 2256
0.0	 2257
0.0	 2258
0.0	 2259
0.0	 2260
0.0	 2261
0.0	 2262
0.0	 2263
0.0	 2264
0.0	 2265
0.0	 2266
0.0	 2267
0.0	 2268
0.0	 2269
0.0	 2270
0.0	 2271
0.0	 2272
0.0	 2273
0.0	 2274
0.0	 2275
0.0	 2276
0.0	 2277
0.0	 2278
0.0	 2279
0.0	 2280
0.0	 2281
0.0	 2282
0.0	 2283
0.0	 2284
0.0	 2285
0.0	 2286
0.0	 2287
0.0	 2288
0.0	 2289
0.0	 2290
0.0	 2291
0.0	 2292
0.0	 2293
0.0	 2294
0.0	 2295
0.0	 2296
0.0	 2297
0.0	 2298
0.0	 2299
0.0	 2300
0.0	 2301
0.0	 2302
0.0	 2303
0.0	 2304
0.0	 2305
0.0	 2306
0.0	 2307
0.0	 2308
0.0	 2309
0.0	 2310
0.0	 2311
0.0	 2312
0.0	 2313
0.0	 2314
0.0	 2315
0.0	 2316
0.0	 2317
0.0	 2318
0.0	 2319
0.0	 2320
0.0	 2321
0.0	 2322
0.0	 2323
0.0	 2324
0.0	 2325
0.0	 2326
0.0	 2327
0.0	 2328
0.0	 2329
0.0	 2330
0.0	 2331
0.0	 2332
0.0	 2333
0.0	 2334
0.0	 2335
0.0	 2336
0.0	 2337
0.0	 2338
0.0	 2339
0.0	 2340
0.0	 2341
0.0	 2342
0.0	 2343
0.0	 2344
0.0	 2345
0.0	 2346
0.0	 2347
0.0	 2348
0.0	 2349
0.0	 2350
0.0	 2351
0.0	 2352
0.0	 2353
0.0	 2354
0.0	 2355
0.0	 2356
0.0	 2357
0.0	 2358
0.0	 2359
0.0	 2360
0.0	 2361
0.0	 2362
0.0	 2363
0.0	 2364
0.0	 2365
0.0	 2366
0.0	 2367
0.0	 2368
0.0	 2369
0.0	 2370
0.0	 2371
0.0	 2372
0.0	 2373
0.0	 2374
0.0	 2375
0.0	 2376
0.0	 2377
0.0	 2378
0.0	 2379
0.0	 2380
0.0	 2381
0.0	 2382
0.0	 2383
0.0	 2384
0.0	 2385
0.0	 2386
0.0	 2387
0.0	 2388
0.0	 2389
0.0	 2390
0.0	 2391
0.0	 2392
0.0	 2393
0.0	 2394
0.0	 2395
0.0	 2396
0.0	 2397
0.0	 2398
0.0	 2399
0.0	 2400
0.0	 2401
0.0	 2402
0.0	 2403
0.0	 2404
0.0	 2405
0.0	 2406
0.0	 2407
0.0	 2408
0.0	 2409
0.0	 2410
0.0	 2411
0.0	 2412
0.0	 2413
0.0	 2414
0.0	 2415
0.0	 2416
0.0	 2417
0.0	 2418
0.0	 2419
0.0	 2420
0.0	 2421
0.0	 2422
0.0	 2423
0.0	 2424
0.0	 2425
0.0	 2426
0.0	 2427
0.0	 2428
0.0	 2429
0.0	 2430
0.0	 2431
0.0	 2432
0.0	 2433
0.0	 2434
0.0	 2435
0.0	 2436
0.0	 2437
0.0	 2438
0.0	 2439
0.0	 2440
0.0	 2441
0.0	 2442
0.0	 2443
0.0	 2444
0.0	 2445
0.0	 2446
0.0	 2447
0.0	 2448
0.0	 2449
0.0	 2450
0.0	 2451
0.0	 2452
0.0	 2453
0.0	 2454
0.0	 2455
0.0	 2456
0.0	 2457
0.0	 2458
0.0	 2459
0.0	 2460
0.0	 2461
0.0	 2462
0.0	 2463
0.0	 2464
0.0	 2465
0.0	 2466
0.0	 2467
0.0	 2468
0.0	 2469
0.0	 2470
0.0	 2471
0.0	 2472
0.0	 2473
0.0	 2474
0.0	 2475
0.0	 2476
0.0	 2477
0.0	 2478
0.0	 2479
0.0	 2480
0.0	 2481
0.0	 2482
0.0	 2483
0.0	 2484
0.0	 2485
0.0	 2486
0.0	 2487
0.0	 2488
0.0	 2489
0.0	 2490
0.0	 2491
0.0	 2492
0.0	 2493
0.0	 2494
0.0	 2495
0.0	 2496
0.0	 2497
0.0	 2498
0.0	 2499
0.0	 2500
0.0	 2501
0.0	 2502
0.0	 2503
0.0	 2504
0.0	 2505
0.0	 2506
0.0	 2507
0.0	 2508
0.0	 2509
0.0	 2510
0.0	 2511
0.0	 2512
0.0	 2513
0.0	 2514
0.0	 2515
0.0	 2516
0.0	 2517
0.0	 2518
0.0	 2519
0.0	 2520
0.0	 2521
0.0	 2522
0.0	 2523
0.0	 2524
0.0	 2525
0.0	 2526
0.0	 2527
0.0	 2528
0.0	 2529
0.0	 2530
0.0	 2531
0.0	 2532
0.0	 2533
0.0	 2534
0.0	 2535
0.0	 2536
0.0	 2537
0.0	 2538
0.0	 2539
0.0	 2540
0.0	 2541
0.0	 2542
0.0	 2543
0.0	 2544
0.0	 2545
0.0	 2546
0.0	 2547
0.0	 2548
0.0	 2549
0.0	 2550
0.0	 2551
0.0	 2552
0.0	 2553
0.0	 2554
0.0	 2555
0.0	 2556
0.0	 2557
0.0	 2558
0.0	 2559
0.0	 2560
0.0	 2561
0.0	 2562
0.0	 2563
0.0	 2564
0.0	 2565
0.0	 2566
0.0	 2567
0.0	 2568
0.0	 2569
0.0	 2570
0.0	 2571
0.0	 2572
0.0	 2573
0.0	 2574
0.0	 2575
0.0	 2576
0.0	 2577
0.0	 2578
0.0	 2579
0.0	 2580
0.0	 2581
0.0	 2582
0.0	 2583
0.0	 2584
0.0	 2585
0.0	 2586
0.0	 2587
0.0	 2588
0.0	 2589
0.0	 2590
0.0	 2591
0.0	 2592
0.0	 2593
0.0	 2594
0.0	 2595
0.0	 2596
0.0	 2597
0.0	 2598
0.0	 2599
0.0	 2600
0.0	 2601
0.0	 2602
0.0	 2603
0.0	 2604
0.0	 2605
0.0	 2606
0.0	 2607
0.0	 2608
0.0	 2609
0.0	 2610
0.0	 2611
0.0	 2612
0.0	 2613
0.0	 2614
0.0	 2615
0.0	 2616
0.0	 2617
0.0	 2618
0.0	 2619
0.0	 2620
0.0	 2621
0.0	 2622
0.0	 2623
0.0	 2624
0.0	 2625
0.0	 2626
0.0	 2627
0.0	 2628
0.0	 2629
0.0	 2630
0.0	 2631
0.0	 2632
0.0	 2633
0.0	 2634
0.0	 2635
0.0	 2636
0.0	 2637
0.0	 2638
0.0	 2639
0.0	 2640
0.0	 2641
0.0	 2642
0.0	 2643
0.0	 2644
0.0	 2645
0.0	 2646
0.0	 2647
0.0	 2648
0.0	 2649
0.0	 2650
0.0	 2651
0.0	 2652
0.0	 2653
0.0	 2654
0.0	 2655
0.0	 2656
0.0	 2657
0.0	 2658
0.0	 2659
0.0	 2660
0.0	 2661
0.0	 2662
0.0	 2663
0.0	 2664
0.0	 2665
0.0	 2666
0.0	 2667
0.0	 2668
0.0	 2669
0.0	 2670
0.0	 2671
0.0	 2672
0.0	 2673
0.0	 2674
0.0	 2675
0.0	 2676
0.0	 2677
0.0	 2678
0.0	 2679
0.0	 2680
0.0	 2681
0.0	 2682
0.0	 2683
0.0	 2684
0.0	 2685
0.0	 2686
0.0	 2687
0.0	 2688
0.0	 2689
0.0	 2690
0.0	 2691
0.0	 2692
0.0	 2693
0.0	 2694
0.0	 2695
0.0	 2696
0.0	 2697
0.0	 2698
0.0	 2699
0.0	 2700
0.0	 2701
0.0	 2702
0.0	 2703
0.0	 2704
0.0	 2705
0.0	 2706
0.0	 2707
0.0	 2708
0.0	 2709
0.0	 2710
0.0	 2711
0.0	 2712
0.0	 2713
0.0	 2714
0.0	 2715
0.0	 2716
0.0	 2717
0.0	 2718
0.0	 2719
0.0	 2720
0.0	 2721
0.0	 2722
0.0	 2723
0.0	 2724
0.0	 2725
0.0	 2726
0.0	 2727
0.0	 2728
0.0	 2729
0.0	 2730
0.0	 2731
0.0	 2732
0.0	 2733
0.0	 2734
0.0	 2735
0.0	 2736
0.0	 2737
0.0	 2738
0.0	 2739
0.0	 2740
0.0	 2741
0.0	 2742
0.0	 2743
0.0	 2744
0.0	 2745
0.0	 2746
0.0	 2747
0.0	 2748
0.0	 2749
0.0	 2750
0.0	 2751
0.0	 2752
0.0	 2753
0.0	 2754
0.0	 2755
0.0	 2756
0.0	 2757
0.0	 2758
0.0	 2759
0.0	 2760
0.0	 2761
0.0	 2762
0.0	 2763
0.0	 2764
0.0	 2765
0.0	 2766
0.0	 2767
0.0	 2768
0.0	 2769
0.0	 2770
0.0	 2771
0.0	 2772
0.0	 2773
0.0	 2774
0.0	 2775
0.0	 2776
0.0	 2777
0.0	 2778
0.0	 2779
0.0	 2780
0.0	 2781
0.0	 2782
0.0	 2783
0.0	 2784
0.0	 2785
0.0	 2786
0.0	 2787
0.0	 2788
0.0	 2789
0.0	 2790
0.0	 2791
0.0	 2792
0.0	 2793
0.0	 2794
0.0	 2795
0.0	 2796
0.0	 2797
0.0	 2798
0.0	 2799
0.0	 2800
0.0	 2801
0.0	 2802
0.0	 2803
0.0	 2804
0.0	 2805
0.0	 2806
0.0	 2807
0.0	 2808
0.0	 2809
0.0	 2810
0.0	 2811
0.0	 2812
0.0	 2813
0.0	 2814
0.0	 2815
0.0	 2816
0.0	 2817
0.0	 2818
0.0	 2819
0.0	 2820
0.0	 2821
0.0	 2822
0.0	 2823
0.0	 2824
0.0	 2825
0.0	 2826
0.0	 2827
0.0	 2828
0.0	 2829
0.0	 2830
0.0	 2831
0.0	 2832
0.0	 2833
0.0	 2834
0.0	 2835
0.0	 2836
0.0	 2837
0.0	 2838
0.0	 2839
0.0	 2840
0.0	 2841
0.0	 2842
0.0	 2843
0.0	 2844
0.0	 2845
0.0	 2846
0.0	 2847
0.0	 2848
0.0	 2849
0.0	 2850
0.0	 2851
0.0	 2852
0.0	 2853
0.0	 2854
0.0	 2855
0.0	 2856
0.0	 2857
0.0	 2858
0.0	 2859
0.0	 2860
0.0	 2861
0.0	 2862
0.0	 2863
0.0	 2864
0.0	 2865
0.0	 2866
0.0	 2867
0.0	 2868
0.0	 2869
0.0	 2870
0.0	 2871
0.0	 2872
0.0	 2873
0.0	 2874
0.0	 2875
0.0	 2876
0.0	 2877
0.0	 2878
0.0	 2879
0.0	 2880
0.0	 2881
0.0	 2882
0.0	 2883
0.0	 2884
0.0	 2885
0.0	 2886
0.0	 2887
0.0	 2888
0.0	 2889
0.0	 2890
0.0	 2891
0.0	 2892
0.0	 2893
0.0	 2894
0.0	 2895
0.0	 2896
0.0	 2897
0.0	 2898
0.0	 2899
0.0	 2900
0.0	 2901
0.0	 2902
0.0	 2903
0.0	 2904
0.0	 2905
0.0	 2906
0.0	 2907
0.0	 2908
0.0	 2909
0.0	 2910
0.0	 2911
0.0	 2912
0.0	 2913
0.0	 2914
0.0	 2915
0.0	 2916
0.0	 2917
0.0	 2918
0.0	 2919
0.0	 2920
0.0	 2921
0.0	 2922
0.0	 2923
0.0	 2924
0.0	 2925
0.0	 2926
0.0	 2927
0.0	 2928
0.0	 2929
0.0	 2930
0.0	 2931
0.0	 2932
0.0	 2933
0.0	 2934
0.0	 2935
0.0	 2936
0.0	 2937
0.0	 2938
0.0	 2939
0.0	 2940
0.0	 2941
0.0	 2942
0.0	 2943
0.0	 2944
0.0	 2945
0.0	 2946
0.0	 2947
0.0	 2948
0.0	 2949
0.0	 2950
0.0	 2951
0.0	 2952
0.0	 2953
0.0	 2954
0.0	 2955
0.0	 2956
0.0	 2957
0.0	 2958
0.0	 2959
0.0	 2960
0.0	 2961
0.0	 2962
0.0	 2963
0.0	 2964
0.0	 2965
0.0	 2966
0.0	 2967
0.0	 2968
0.0	 2969
0.0	 2970
0.0	 2971
0.0	 2972
0.0	 2973
0.0	 2974
0.0	 2975
0.0	 2976
0.0	 2977
0.0	 2978
0.0	 2979
0.0	 2980
0.0	 2981
0.0	 2982
0.0	 2983
0.0	 2984
0.0	 2985
0.0	 2986
0.0	 2987
0.0	 2988
0.0	 2989
0.0	 2990
0.0	 2991
0.0	 2992
0.0	 2993
0.0	 2994
0.0	 2995
0.0	 2996
0.0	 2997
0.0	 2998
0.0	 2999
0.0	 3000
0.0	 3001
0.0	 3002
0.0	 3003
0.0	 3004
0.0	 3005
0.0	 3006
0.0	 3007
0.0	 3008
0.0	 3009
0.0	 3010
0.0	 3011
0.0	 3012
0.0	 3013
0.0	 3014
0.0	 3015
0.0	 3016
0.0	 3017
0.0	 3018
0.0	 3019
0.0	 3020
0.0	 3021
0.0	 3022
0.0	 3023
0.0	 3024
0.0	 3025
0.0	 3026
0.0	 3027
0.0	 3028
0.0	 3029
0.0	 3030
0.0	 3031
0.0	 3032
0.0	 3033
0.0	 3034
0.0	 3035
0.0	 3036
0.0	 3037
0.0	 3038
0.0	 3039
0.0	 3040
0.0	 3041
0.0	 3042
0.0	 3043
0.0	 3044
0.0	 3045
0.0	 3046
0.0	 3047
0.0	 3048
0.0	 3049
0.0	 3050
0.0	 3051
0.0	 3052
0.0	 3053
0.0	 3054
0.0	 3055
0.0	 3056
0.0	 3057
0.0	 3058
0.0	 3059
0.0	 3060
0.0	 3061
0.0	 3062
0.0	 3063
0.0	 3064
0.0	 3065
0.0	 3066
0.0	 3067
0.0	 3068
0.0	 3069
0.0	 3070
0.0	 3071
0.0	 3072
0.0	 3073
0.0	 3074
0.0	 3075
0.0	 3076
0.0	 3077
0.0	 3078
0.0	 3079
0.0	 3080
0.0	 3081
0.0	 3082
0.0	 3083
0.0	 3084
0.0	 3085
0.0	 3086
0.0	 3087
0.0	 3088
0.0	 3089
0.0	 3090
0.0	 3091
0.0	 3092
0.0	 3093
0.0	 3094
0.0	 3095
0.0	 3096
0.0	 3097
0.0	 3098
0.0	 3099
0.0	 3100
0.0	 3101
0.0	 3102
0.0	 3103
0.0	 3104
0.0	 3105
0.0	 3106
0.0	 3107
0.0	 3108
0.0	 3109
0.0	 3110
0.0	 3111
0.0	 3112
0.0	 3113
0.0	 3114
0.0	 3115
0.0	 3116
0.0	 3117
0.0	 3118
0.0	 3119
0.0	 3120
0.0	 3121
0.0	 3122
0.0	 3123
0.0	 3124
0.0	 3125
0.0	 3126
0.0	 3127
0.0	 3128
0.0	 3129
0.0	 3130
0.0	 3131
0.0	 3132
0.0	 3133
0.0	 3134
0.0	 3135
0.0	 3136
0.0	 3137
0.0	 3138
0.0	 3139
0.0	 3140
0.0	 3141
0.0	 3142
0.0	 3143
0.0	 3144
0.0	 3145
0.0	 3146
0.0	 3147
0.0	 3148
0.0	 3149
0.0	 3150
0.0	 3151
0.0	 3152
0.0	 3153
0.0	 3154
0.0	 3155
0.0	 3156
0.0	 3157
0.0	 3158
0.0	 3159
0.0	 3160
0.0	 3161
0.0	 3162
0.0	 3163
0.0	 3164
0.0	 3165
0.0	 3166
0.0	 3167
0.0	 3168
0.0	 3169
0.0	 3170
0.0	 3171
0.0	 3172
0.0	 3173
0.0	 3174
0.0	 3175
0.0	 3176
0.0	 3177
0.0	 3178
0.0	 3179
0.0	 3180
0.0	 3181
0.0	 3182
0.0	 3183
0.0	 3184
0.0	 3185
0.0	 3186
0.0	 3187
0.0	 3188
0.0	 3189
0.0	 3190
0.0	 3191
0.0	 3192
0.0	 3193
0.0	 3194
0.0	 3195
0.0	 3196
0.0	 3197
0.0	 3198
0.0	 3199
0.0	 3200
0.0	 3201
0.0	 3202
0.0	 3203
0.0	 3204
0.0	 3205
0.0	 3206
0.0	 3207
0.0	 3208
0.0	 3209
0.0	 3210
0.0	 3211
0.0	 3212
0.0	 3213
0.0	 3214
0.0	 3215
0.0	 3216
0.0	 3217
0.0	 3218
0.0	 3219
0.0	 3220
0.0	 3221
0.0	 3222
0.0	 3223
0.0	 3224
0.0	 3225
0.0	 3226
0.0	 3227
0.0	 3228
0.0	 3229
0.0	 3230
0.0	 3231
0.0	 3232
0.0	 3233
0.0	 3234
0.0	 3235
0.0	 3236
0.0	 3237
0.0	 3238
0.0	 3239
0.0	 3240
0.0	 3241
0.0	 3242
0.0	 3243
0.0	 3244
0.0	 3245
0.0	 3246
0.0	 3247
0.0	 3248
0.0	 3249
0.0	 3250
0.0	 3251
0.0	 3252
0.0	 3253
0.0	 3254
0.0	 3255
0.0	 3256
0.0	 3257
0.0	 3258
0.0	 3259
0.0	 3260
0.0	 3261
0.0	 3262
0.0	 3263
0.0	 3264
0.0	 3265
0.0	 3266
0.0	 3267
0.0	 3268
0.0	 3269
0.0	 3270
0.0	 3271
0.0	 3272
0.0	 3273
0.0	 3274
0.0	 3275
0.0	 3276
0.0	 3277
0.0	 3278
0.0	 3279
0.0	 3280
0.0	 3281
0.0	 3282
0.0	 3283
0.0	 3284
0.0	 3285
0.0	 3286
0.0	 3287
0.0	 3288
0.0	 3289
0.0	 3290
0.0	 3291
0.0	 3292
0.0	 3293
0.0	 3294
0.0	 3295
0.0	 3296
0.0	 3297
0.0	 3298
0.0	 3299
0.0	 3300
0.0	 3301
0.0	 3302
0.0	 3303
0.0	 3304
0.0	 3305
0.0	 3306
0.0	 3307
0.0	 3308
0.0	 3309
0.0	 3310
0.0	 3311
0.0	 3312
0.0	 3313
0.0	 3314
0.0	 3315
0.0	 3316
0.0	 3317
0.0	 3318
0.0	 3319
0.0	 3320
0.0	 3321
0.0	 3322
0.0	 3323
0.0	 3324
0.0	 3325
0.0	 3326
0.0	 3327
0.0	 3328
0.0	 3329
0.0	 3330
0.0	 3331
0.0	 3332
0.0	 3333
0.0	 3334
0.0	 3335
0.0	 3336
0.0	 3337
0.0	 3338
0.0	 3339
0.0	 3340
0.0	 3341
0.0	 3342
0.0	 3343
0.0	 3344
0.0	 3345
0.0	 3346
0.0	 3347
0.0	 3348
0.0	 3349
0.0	 3350
0.0	 3351
0.0	 3352
0.0	 3353
0.0	 3354
0.0	 3355
0.0	 3356
0.0	 3357
0.0	 3358
0.0	 3359
0.0	 3360
0.0	 3361
0.0	 3362
0.0	 3363
0.0	 3364
0.0	 3365
0.0	 3366
0.0	 3367
0.0	 3368
0.0	 3369
0.0	 3370
0.0	 3371
0.0	 3372
0.0	 3373
0.0	 3374
0.0	 3375
0.0	 3376
0.0	 3377
0.0	 3378
0.0	 3379
0.0	 3380
0.0	 3381
0.0	 3382
0.0	 3383
0.0	 3384
0.0	 3385
0.0	 3386
0.0	 3387
0.0	 3388
0.0	 3389
0.0	 3390
0.0	 3391
0.0	 3392
0.0	 3393
0.0	 3394
0.0	 3395
0.0	 3396
0.0	 3397
0.0	 3398
0.0	 3399
0.0	 3400
0.0	 3401
0.0	 3402
0.0	 3403
0.0	 3404
0.0	 3405
0.0	 3406
0.0	 3407
0.0	 3408
0.0	 3409
0.0	 3410
0.0	 3411
0.0	 3412
0.0	 3413
0.0	 3414
0.0	 3415
0.0	 3416
0.0	 3417
0.0	 3418
0.0	 3419
0.0	 3420
0.0	 3421
0.0	 3422
0.0	 3423
0.0	 3424
0.0	 3425
0.0	 3426
0.0	 3427
0.0	 3428
0.0	 3429
0.0	 3430
0.0	 3431
0.0	 3432
0.0	 3433
0.0	 3434
0.0	 3435
0.0	 3436
0.0	 3437
0.0	 3438
0.0	 3439
0.0	 3440
0.0	 3441
0.0	 3442
0.0	 3443
0.0	 3444
0.0	 3445
0.0	 3446
0.0	 3447
0.0	 3448
0.0	 3449
0.0	 3450
0.0	 3451
0.0	 3452
0.0	 3453
0.0	 3454
0.0	 3455
0.0	 3456
0.0	 3457
0.0	 3458
0.0	 3459
0.0	 3460
0.0	 3461
0.0	 3462
0.0	 3463
0.0	 3464
0.0	 3465
0.0	 3466
0.0	 3467
0.0	 3468
0.0	 3469
0.0	 3470
0.0	 3471
0.0	 3472
0.0	 3473
0.0	 3474
0.0	 3475
0.0	 3476
0.0	 3477
0.0	 3478
0.0	 3479
0.0	 3480
0.0	 3481
0.0	 3482
0.0	 3483
0.0	 3484
0.0	 3485
0.0	 3486
0.0	 3487
0.0	 3488
0.0	 3489
0.0	 3490
0.0	 3491
0.0	 3492
0.0	 3493
0.0	 3494
0.0	 3495
0.0	 3496
0.0	 3497
0.0	 3498
0.0	 3499
0.0	 3500
0.0	 3501
0.0	 3502
0.0	 3503
0.0	 3504
0.0	 3505
0.0	 3506
0.0	 3507
0.0	 3508
0.0	 3509
0.0	 3510
0.0	 3511
0.0	 3512
0.0	 3513
0.0	 3514
0.0	 3515
0.0	 3516
0.0	 3517
0.0	 3518
0.0	 3519
0.0	 3520
0.0	 3521
0.0	 3522
0.0	 3523
0.0	 3524
0.0	 3525
0.0	 3526
0.0	 3527
0.0	 3528
0.0	 3529
0.0	 3530
0.0	 3531
0.0	 3532
0.0	 3533
0.0	 3534
0.0	 3535
0.0	 3536
0.0	 3537
0.0	 3538
0.0	 3539
0.0	 3540
0.0	 3541
0.0	 3542
0.0	 3543
0.0	 3544
0.0	 3545
0.0	 3546
0.0	 3547
0.0	 3548
0.0	 3549
0.0	 3550
0.0	 3551
0.0	 3552
0.0	 3553
0.0	 3554
0.0	 3555
0.0	 3556
0.0	 3557
0.0	 3558
0.0	 3559
0.0	 3560
0.0	 3561
0.0	 3562
0.0	 3563
0.0	 3564
0.0	 3565
0.0	 3566
0.0	 3567
0.0	 3568
0.0	 3569
0.0	 3570
0.0	 3571
0.0	 3572
0.0	 3573
0.0	 3574
0.0	 3575
0.0	 3576
0.0	 3577
0.0	 3578
0.0	 3579
0.0	 3580
0.0	 3581
0.0	 3582
0.0	 3583
0.0	 3584
0.0	 3585
0.0	 3586
0.0	 3587
0.0	 3588
0.0	 3589
0.0	 3590
0.0	 3591
0.0	 3592
0.0	 3593
0.0	 3594
0.0	 3595
0.0	 3596
0.0	 3597
0.0	 3598
0.0	 3599
0.0	 3600
0.0	 3601
0.0	 3602
0.0	 3603
0.0	 3604
0.0	 3605
0.0	 3606
0.0	 3607
0.0	 3608
0.0	 3609
0.0	 3610
0.0	 3611
0.0	 3612
0.0	 3613
0.0	 3614
0.0	 3615
0.0	 3616
0.0	 3617
0.0	 3618
0.0	 3619
0.0	 3620
0.0	 3621
0.0	 3622
0.0	 3623
0.0	 3624
0.0	 3625
0.0	 3626
0.0	 3627
0.0	 3628
0.0	 3629
0.0	 3630
0.0	 3631
0.0	 3632
0.0	 3633
0.0	 3634
0.0	 3635
0.0	 3636
0.0	 3637
0.0	 3638
0.0	 3639
0.0	 3640
0.0	 3641
0.0	 3642
0.0	 3643
0.0	 3644
0.0	 3645
0.0	 3646
0.0	 3647
0.0	 3648
0.0	 3649
0.0	 3650
0.0	 3651
0.0	 3652
0.0	 3653
0.0	 3654
0.0	 3655
0.0	 3656
0.0	 3657
0.0	 3658
0.0	 3659
0.0	 3660
0.0	 3661
0.0	 3662
0.0	 3663
0.0	 3664
0.0	 3665
0.0	 3666
0.0	 3667
0.0	 3668
0.0	 3669
0.0	 3670
0.0	 3671
0.0	 3672
0.0	 3673
0.0	 3674
0.0	 3675
0.0	 3676
0.0	 3677
0.0	 3678
0.0	 3679
0.0	 3680
0.0	 3681
0.0	 3682
0.0	 3683
0.0	 3684
0.0	 3685
0.0	 3686
0.0	 3687
0.0	 3688
0.0	 3689
0.0	 3690
0.0	 3691
0.0	 3692
0.0	 3693
0.0	 3694
0.0	 3695
0.0	 3696
0.0	 3697
0.0	 3698
0.0	 3699
0.0	 3700
0.0	 3701
0.0	 3702
0.0	 3703
0.0	 3704
0.0	 3705
0.0	 3706
0.0	 3707
0.0	 3708
0.0	 3709
0.0	 3710
0.0	 3711
0.0	 3712
0.0	 3713
0.0	 3714
0.0	 3715
0.0	 3716
0.0	 3717
0.0	 3718
0.0	 3719
0.0	 3720
0.0	 3721
0.0	 3722
0.0	 3723
0.0	 3724
0.0	 3725
0.0	 3726
0.0	 3727
0.0	 3728
0.0	 3729
0.0	 3730
0.0	 3731
0.0	 3732
0.0	 3733
0.0	 3734
0.0	 3735
0.0	 3736
0.0	 3737
0.0	 3738
0.0	 3739
0.0	 3740
0.0	 3741
0.0	 3742
0.0	 3743
0.0	 3744
0.0	 3745
0.0	 3746
0.0	 3747
0.0	 3748
0.0	 3749
0.0	 3750
0.0	 3751
0.0	 3752
0.0	 3753
0.0	 3754
0.0	 3755
0.0	 3756
0.0	 3757
0.0	 3758
0.0	 3759
0.0	 3760
0.0	 3761
0.0	 3762
0.0	 3763
0.0	 3764
0.0	 3765
0.0	 3766
0.0	 3767
0.0	 3768
0.0	 3769
0.0	 3770
0.0	 3771
0.0	 3772
0.0	 3773
0.0	 3774
0.0	 3775
0.0	 3776
0.0	 3777
0.0	 3778
0.0	 3779
0.0	 3780
0.0	 3781
0.0	 3782
0.0	 3783
0.0	 3784
0.0	 3785
0.0	 3786
0.0	 3787
0.0	 3788
0.0	 3789
0.0	 3790
0.0	 3791
0.0	 3792
0.0	 3793
0.0	 3794
0.0	 3795
0.0	 3796
0.0	 3797
0.0	 3798
0.0	 3799
0.0	 3800
0.0	 3801
0.0	 3802
0.0	 3803
0.0	 3804
0.0	 3805
0.0	 3806
0.0	 3807
0.0	 3808
0.0	 3809
0.0	 3810
0.0	 3811
0.0	 3812
0.0	 3813
0.0	 3814
0.0	 3815
0.0	 3816
0.0	 3817
0.0	 3818
0.0	 3819
0.0	 3820
0.0	 3821
0.0	 3822
0.0	 3823
0.0	 3824
0.0	 3825
0.0	 3826
0.0	 3827
0.0	 3828
0.0	 3829
0.0	 3830
0.0	 3831
0.0	 3832
0.0	 3833
0.0	 3834
0.0	 3835
0.0	 3836
0.0	 3837
0.0	 3838
0.0	 3839
0.0	 3840
0.0	 3841
0.0	 3842
0.0	 3843
0.0	 3844
0.0	 3845
0.0	 3846
0.0	 3847
0.0	 3848
0.0	 3849
0.0	 3850
0.0	 3851
0.0	 3852
0.0	 3853
0.0	 3854
0.0	 3855
0.0	 3856
0.0	 3857
0.0	 3858
0.0	 3859
0.0	 3860
0.0	 3861
0.0	 3862
0.0	 3863
0.0	 3864
0.0	 3865
0.0	 3866
0.0	 3867
0.0	 3868
0.0	 3869
0.0	 3870
0.0	 3871
0.0	 3872
0.0	 3873
0.0	 3874
0.0	 3875
0.0	 3876
0.0	 3877
0.0	 3878
0.0	 3879
0.0	 3880
0.0	 3881
0.0	 3882
0.0	 3883
0.0	 3884
0.0	 3885
0.0	 3886
0.0	 3887
0.0	 3888
0.0	 3889
0.0	 3890
0.0	 3891
0.0	 3892
0.0	 3893
0.0	 3894
0.0	 3895
0.0	 3896
0.0	 3897
0.0	 3898
0.0	 3899
0.0	 3900
0.0	 3901
0.0	 3902
0.0	 3903
0.0	 3904
0.0	 3905
0.0	 3906
0.0	 3907
0.0	 3908
0.0	 3909
0.0	 3910
0.0	 3911
0.0	 3912
0.0	 3913
0.0	 3914
0.0	 3915
0.0	 3916
0.0	 3917
0.0	 3918
0.0	 3919
0.0	 3920
0.0	 3921
0.0	 3922
0.0	 3923
0.0	 3924
0.0	 3925
0.0	 3926
0.0	 3927
0.0	 3928
0.0	 3929
0.0	 3930
0.0	 3931
0.0	 3932
0.0	 3933
0.0	 3934
0.0	 3935
0.0	 3936
0.0	 3937
0.0	 3938
0.0	 3939
0.0	 3940
0.0	 3941
0.0	 3942
0.0	 3943
0.0	 3944
0.0	 3945
0.0	 3946
0.0	 3947
0.0	 3948
0.0	 3949
0.0	 3950
0.0	 3951
0.0	 3952
0.0	 3953
0.0	 3954
0.0	 3955
0.0	 3956
0.0	 3957
0.0	 3958
0.0	 3959
0.0	 3960
0.0	 3961
0.0	 3962
0.0	 3963
0.0	 3964
0.0	 3965
0.0	 3966
0.0	 3967
0.0	 3968
0.0	 3969
0.0	 3970
0.0	 3971
0.0	 3972
0.0	 3973
0.0	 3974
0.0	 3975
0.0	 3976
0.0	 3977
0.0	 3978
0.0	 3979
0.0	 3980
0.0	 3981
0.0	 3982
0.0	 3983
0.0	 3984
0.0	 3985
0.0	 3986
0.0	 3987
0.0	 3988
0.0	 3989
0.0	 3990
0.0	 3991
0.0	 3992
0.0	 3993
0.0	 3994
0.0	 3995
0.0	 3996
0.0	 3997
0.0	 3998
0.0	 3999
0.0	 4000
0.0	 4001
0.0	 4002
0.0	 4003
0.0	 4004
0.0	 4005
0.0	 4006
0.0	 4007
0.0	 4008
0.0	 4009
0.0	 4010
0.0	 4011
0.0	 4012
0.0	 4013
0.0	 4014
0.0	 4015
0.0	 4016
0.0	 4017
0.0	 4018
0.0	 4019
0.0	 4020
0.0	 4021
0.0	 4022
0.0	 4023
0.0	 4024
0.0	 4025
0.0	 4026
0.0	 4027
0.0	 4028
0.0	 4029
0.0	 4030
0.0	 4031
0.0	 4032
0.0	 4033
0.0	 4034
0.0	 4035
0.0	 4036
0.0	 4037
0.0	 4038
0.0	 4039
0.0	 4040
0.0	 4041
0.0	 4042
0.0	 4043
0.0	 4044
0.0	 4045
0.0	 4046
0.0	 4047
0.0	 4048
0.0	 4049
0.0	 4050
0.0	 4051
0.0	 4052
0.0	 4053
0.0	 4054
0.0	 4055
0.0	 4056
0.0	 4057
0.0	 4058
0.0	 4059
0.0	 4060
0.0	 4061
0.0	 4062
0.0	 4063
0.0	 4064
0.0	 4065
0.0	 4066
0.0	 4067
0.0	 4068
0.0	 4069
0.0	 4070
0.0	 4071
0.0	 4072
0.0	 4073
0.0	 4074
0.0	 4075
0.0	 4076
0.0	 4077
0.0	 4078
0.0	 4079
0.0	 4080
0.0	 4081
0.0	 4082
0.0	 4083
0.0	 4084
0.0	 4085
0.0	 4086
0.0	 4087
0.0	 4088
0.0	 4089
0.0	 4090
0.0	 4091
0.0	 4092
0.0	 4093
0.0	 4094
0.0	 4095
