93.723	 0
92.957	 1
93.086	 2
92.455	 3
91.831	 4
90.427	 5
90.604	 6
89.202	 7
88.6	 8
88.814	 9
87.419	 10
87.658	 11
87.092	 12
85.703	 13
85.983	 14
84.599	 15
84.06	 16
84.38	 17
83.006	 18
82.492	 19
82.855	 20
81.492	 21
81.884	 22
80.529	 23
80.062	 24
80.498	 25
80.056	 26
79.624	 27
79.202	 28
78.791	 29
78.39	 30
78.0	 31
77.621	 32
78.186	 33
77.833	 34
76.551	 35
77.162	 36
76.844	 37
76.538	 38
77.201	 39
76.922	 40
76.655	 41
76.4	 42
77.13	 43
76.903	 44
76.688	 45
77.466	 46
77.279	 47
77.104	 48
77.929	 49
77.782	 50
78.638	 51
78.518	 52
78.409	 53
79.31	 54
79.404	 55
80.306	 56
80.225	 57
79.158	 58
80.1	 59
80.156	 60
81.099	 61
82.055	 62
81.025	 63
81.006	 64
81.0	 65
81.006	 66
80.025	 67
81.056	 68
80.1	 69
81.154	 70
80.225	 71
79.31	 72
80.399	 73
79.511	 74
78.638	 75
79.762	 76
78.918	 77
77.929	 78
77.104	 79
77.279	 80
77.466	 81
76.688	 82
75.928	 83
76.158	 84
76.4	 85
76.655	 86
76.922	 87
78.16	 88
78.447	 89
78.746	 90
79.057	 91
78.435	 92
78.772	 93
78.186	 94
77.253	 95
76.694	 96
76.158	 97
75.24	 98
74.733	 99
73.824	 100
72.498	 101
71.589	 102
70.682	 103
70.214	 104
70.661	 105
70.235	 106
69.836	 107
68.964	 108
68.6	 109
69.116	 110
68.797	 111
69.34	 112
69.065	 113
68.819	 114
68.007	 115
69.405	 116
69.203	 117
68.411	 118
68.25	 119
68.118	 120
68.015	 121
67.268	 122
67.209	 123
67.179	 124
67.179	 125
67.897	 126
67.941	 127
68.015	 128
68.118	 129
68.25	 130
68.411	 131
68.6	 132
68.007	 133
68.242	 134
69.065	 135
69.34	 136
69.642	 137
69.971	 138
70.328	 139
70.711	 140
71.12	 141
71.554	 142
72.014	 143
72.498	 144
73.007	 145
73.539	 146
74.095	 147
74.673	 148
75.273	 149
75.895	 150
75.584	 151
76.243	 152
76.922	 153
77.621	 154
77.369	 155
78.102	 156
78.854	 157
79.624	 158
80.411	 159
81.216	 160
81.049	 161
80.895	 162
81.744	 163
82.608	 164
83.487	 165
83.385	 166
84.291	 167
85.212	 168
86.145	 169
86.093	 170
86.052	 171
87.023	 172
88.006	 173
89.0	 174
90.006	 175
90.022	 176
90.05	 177
90.089	 178
91.137	 179
91.198	 180
92.266	 181
92.347	 182
93.434	 183
93.536	 184
93.648	 185
94.763	 186
95.885	 187
96.026	 188
96.177	 189
97.324	 190
97.494	 191
97.673	 192
98.843	 193
100.02	 194
100.225	 195
100.439	 196
100.663	 197
101.868	 198
103.078	 199
103.325	 200
102.616	 201
102.883	 202
103.16	 203
104.403	 204
104.695	 205
104.043	 206
105.304	 207
105.622	 208
105.948	 209
106.283	 210
106.626	 211
106.977	 212
108.268	 213
108.632	 214
109.005	 215
109.385	 216
108.853	 217
109.252	 218
109.659	 219
110.073	 220
110.494	 221
110.923	 222
111.36	 223
111.803	 224
112.254	 225
111.826	 226
111.414	 227
111.893	 228
111.508	 229
111.018	 230
110.145	 231
109.275	 232
107.912	 233
107.424	 234
106.944	 235
105.589	 236
105.119	 237
103.769	 238
104.202	 239
103.31	 240
103.755	 241
102.859	 242
101.518	 243
101.079	 244
99.745	 245
98.412	 246
97.082	 247
96.664	 248
96.255	 249
94.937	 250
93.622	 251
92.704	 252
91.389	 253
90.078	 254
89.157	 255
87.846	 256
86.539	 257
85.615	 258
84.694	 259
83.385	 260
82.462	 261
81.154	 262
79.85	 263
79.31	 264
78.924	 265
78.0	 266
77.078	 267
76.158	 268
74.847	 269
74.324	 270
73.41	 271
73.926	 272
73.41	 273
72.09	 274
71.589	 275
70.682	 276
71.176	 277
70.682	 278
69.354	 279
68.877	 280
69.318	 281
67.978	 282
67.082	 283
66.189	 284
65.765	 285
64.885	 286
64.008	 287
63.135	 288
62.769	 289
61.911	 290
62.266	 291
61.911	 292
60.539	 293
60.208	 294
60.745	 295
59.363	 296
59.076	 297
58.822	 298
58.6	 299
58.412	 300
57.628	 301
57.801	 302
58.009	 303
58.249	 304
58.523	 305
58.249	 306
58.523	 307
58.249	 308
58.523	 309
59.076	 310
58.822	 311
58.6	 312
58.412	 313
57.628	 314
57.801	 315
58.009	 316
57.801	 317
58.009	 318
57.801	 319
58.009	 320
58.249	 321
58.523	 322
59.076	 323
58.822	 324
58.6	 325
58.412	 326
57.628	 327
56.223	 328
54.818	 329
53.413	 330
52.802	 331
51.4	 332
50.0	 333
49.204	 334
47.802	 335
47.011	 336
45.607	 337
45.453	 338
44.822	 339
44.045	 340
42.638	 341
41.869	 342
41.11	 343
40.361	 344
39.623	 345
38.21	 346
36.797	 347
36.77	 348
36.069	 349
36.069	 350
36.069	 351
34.655	 352
33.971	 353
33.302	 354
32.65	 355
32.016	 356
31.401	 357
30.0	 358
29.411	 359
28.844	 360
29.155	 361
30.017	 362
28.653	 363
29.069	 364
28.178	 365
27.731	 366
28.231	 367
27.857	 368
27.313	 369
27.857	 370
26.571	 371
26.249	 372
26.926	 373
25.962	 374
25.71	 375
25.495	 376
26.306	 377
27.295	 378
26.173	 379
27.074	 380
28.071	 381
28.018	 382
27.0	 383
28.018	 384
29.017	 385
28.071	 386
28.16	 387
29.275	 388
30.265	 389
30.414	 390
29.614	 391
30.806	 392
31.048	 393
32.28	 394
33.242	 395
32.573	 396
31.321	 397
32.573	 398
31.953	 399
31.385	 400
30.463	 401
29.967	 402
29.069	 403
28.653	 404
27.785	 405
28.302	 406
28.018	 407
27.203	 408
27.019	 409
28.425	 410
27.659	 411
28.32	 412
27.586	 413
28.284	 414
28.32	 415
27.659	 416
28.425	 417
29.206	 418
29.411	 419
29.682	 420
30.529	 421
30.887	 422
31.305	 423
32.65	 424
32.202	 425
33.106	 426
34.438	 427
34.015	 428
34.928	 429
35.468	 430
36.77	 431
36.401	 432
37.336	 433
37.0	 434
37.947	 435
39.217	 436
38.897	 437
39.85	 438
40.804	 439
42.059	 440
41.761	 441
42.72	 442
43.681	 443
42.45	 444
43.417	 445
44.385	 446
45.607	 447
46.573	 448
45.354	 449
46.573	 450
47.297	 451
48.052	 452
49.244	 453
49.477	 454
50.22	 455
49.031	 456
50.22	 457
50.99	 458
51.971	 459
52.953	 460
54.129	 461
53.935	 462
54.918	 463
56.089	 464
57.07	 465
58.052	 466
58.856	 467
60.017	 468
60.208	 469
61.0	 470
61.984	 471
63.151	 472
64.133	 473
65.307	 474
66.491	 475
66.287	 476
67.268	 477
68.447	 478
68.659	 479
69.635	 480
70.406	 481
71.589	 482
71.805	 483
72.78	 484
73.98	 485
75.186	 486
75.432	 487
76.655	 488
77.885	 489
78.16	 490
79.12	 491
80.362	 492
80.654	 493
81.908	 494
82.219	 495
82.541	 496
82.873	 497
83.217	 498
84.504	 499
84.865	 500
85.235	 501
84.694	 502
84.172	 503
83.672	 504
84.095	 505
83.63	 506
83.187	 507
83.648	 508
83.241	 509
82.855	 510
83.355	 511
83.863	 512
84.38	 513
84.906	 514
85.44	 515
86.822	 516
87.664	 517
89.045	 518
89.588	 519
89.889	 520
90.736	 521
92.114	 522
92.65	 523
94.032	 524
93.493	 525
94.34	 526
95.718	 527
97.098	 528
96.566	 529
97.417	 530
97.755	 531
98.112	 532
97.617	 533
97.129	 534
97.529	 535
97.062	 536
97.494	 537
97.046	 538
97.944	 539
96.607	 540
97.082	 541
97.576	 542
97.17	 543
96.773	 544
97.309	 545
96.933	 546
96.566	 547
97.144	 548
96.799	 549
97.739	 550
96.462	 551
97.406	 552
97.082	 553
98.031	 554
96.768	 555
96.462	 556
97.124	 557
96.84	 558
97.529	 559
97.268	 560
98.234	 561
98.955	 562
98.717	 563
99.69	 564
100.439	 565
100.225	 566
101.203	 567
102.181	 568
102.961	 569
102.772	 570
103.576	 571
104.393	 572
105.224	 573
105.076	 574
105.929	 575
106.794	 576
107.671	 577
108.559	 578
109.458	 579
110.368	 580
110.291	 581
110.223	 582
111.221	 583
110.164	 584
109.165	 585
109.115	 586
110.073	 587
111.113	 588
112.112	 589
113.111	 590
114.11	 591
115.07	 592
116.039	 593
116.017	 594
117.017	 595
118.004	 596
119.004	 597
118.0	 598
119.0	 599
120.0	 600
121.004	 601
121.017	 602
122.016	 603
123.037	 604
123.065	 605
124.101	 606
124.145	 607
125.144	 608
126.194	 609
126.254	 610
127.318	 611
128.39	 612
129.387	 613
130.384	 614
131.381	 615
132.458	 616
133.454	 617
134.451	 618
133.54	 619
132.544	 620
133.54	 621
132.544	 622
133.54	 623
132.544	 624
133.54	 625
132.544	 626
133.54	 627
132.544	 628
132.458	 629
131.381	 630
130.384	 631
129.387	 632
128.39	 633
127.318	 634
126.254	 635
126.194	 636
125.144	 637
124.101	 638
123.065	 639
123.037	 640
122.016	 641
121.004	 642
120.0	 643
119.004	 644
118.004	 645
117.017	 646
116.039	 647
115.07	 648
114.11	 649
113.111	 650
112.112	 651
111.113	 652
110.164	 653
110.223	 654
110.291	 655
110.368	 656
109.458	 657
108.559	 658
107.671	 659
106.794	 660
105.929	 661
105.076	 662
105.224	 663
104.393	 664
103.576	 665
102.772	 666
102.961	 667
102.181	 668
101.203	 669
100.439	 670
99.69	 671
98.955	 672
98.234	 673
97.529	 674
96.84	 675
97.124	 676
96.462	 677
96.768	 678
97.082	 679
96.462	 680
96.799	 681
97.144	 682
96.566	 683
96.933	 684
97.309	 685
96.773	 686
97.17	 687
97.576	 688
97.082	 689
96.607	 690
97.046	 691
97.494	 692
97.062	 693
97.529	 694
97.129	 695
97.617	 696
98.112	 697
97.755	 698
97.417	 699
97.098	 700
95.718	 701
96.566	 702
95.189	 703
94.34	 704
94.032	 705
92.65	 706
93.493	 707
92.114	 708
90.736	 709
89.889	 710
89.588	 711
89.045	 712
87.664	 713
86.822	 714
85.44	 715
86.284	 716
84.906	 717
84.38	 718
85.235	 719
83.863	 720
83.355	 721
82.855	 722
83.241	 723
83.648	 724
83.187	 725
84.077	 726
82.735	 727
83.63	 728
84.095	 729
83.672	 730
84.172	 731
83.774	 732
84.694	 733
85.615	 734
85.235	 735
86.163	 736
84.865	 737
84.504	 738
83.217	 739
84.155	 740
85.094	 741
84.155	 742
82.873	 743
82.541	 744
82.219	 745
83.169	 746
81.908	 747
80.654	 748
81.609	 749
80.362	 750
79.12	 751
78.16	 752
77.885	 753
76.655	 754
77.621	 755
76.4	 756
75.432	 757
75.186	 758
73.98	 759
74.953	 760
73.756	 761
72.78	 762
71.805	 763
71.589	 764
70.406	 765
69.635	 766
68.659	 767
68.447	 768
67.268	 769
66.491	 770
65.307	 771
66.287	 772
65.115	 773
64.133	 774
63.151	 775
61.984	 776
61.0	 777
60.208	 778
60.017	 779
58.856	 780
58.052	 781
57.07	 782
56.089	 783
54.918	 784
54.129	 785
52.953	 786
51.971	 787
50.99	 788
50.22	 789
49.477	 790
49.244	 791
48.052	 792
47.297	 793
46.573	 794
45.607	 795
44.385	 796
43.681	 797
42.72	 798
42.059	 799
40.804	 800
39.85	 801
39.217	 802
37.947	 803
37.336	 804
36.77	 805
35.468	 806
34.928	 807
34.438	 808
33.106	 809
32.65	 810
31.305	 811
30.887	 812
30.529	 813
29.682	 814
29.411	 815
29.206	 816
28.425	 817
28.32	 818
28.284	 819
28.32	 820
28.425	 821
27.019	 822
27.203	 823
28.018	 824
28.302	 825
28.653	 826
29.069	 827
29.967	 828
30.463	 829
31.385	 830
31.953	 831
32.573	 832
33.242	 833
32.28	 834
31.048	 835
30.806	 836
29.614	 837
30.414	 838
30.265	 839
29.275	 840
28.16	 841
28.071	 842
29.017	 843
28.018	 844
27.0	 845
28.018	 846
28.071	 847
27.074	 848
26.173	 849
27.295	 850
26.306	 851
25.495	 852
25.71	 853
26.926	 854
26.249	 855
26.571	 856
27.857	 857
28.231	 858
27.731	 859
29.069	 860
28.653	 861
30.017	 862
29.155	 863
28.844	 864
29.411	 865
30.0	 866
31.401	 867
32.016	 868
32.65	 869
33.302	 870
33.971	 871
34.655	 872
36.069	 873
36.77	 874
36.797	 875
38.21	 876
39.623	 877
40.361	 878
41.11	 879
41.869	 880
42.638	 881
44.045	 882
45.453	 883
45.607	 884
47.011	 885
47.802	 886
49.204	 887
50.0	 888
51.4	 889
52.802	 890
53.413	 891
54.818	 892
56.223	 893
57.628	 894
58.412	 895
58.6	 896
57.801	 897
58.009	 898
58.822	 899
59.076	 900
58.249	 901
58.523	 902
59.363	 903
60.745	 904
60.208	 905
60.539	 906
61.911	 907
62.769	 908
63.135	 909
64.008	 910
64.885	 911
65.765	 912
66.189	 913
67.082	 914
67.978	 915
69.318	 916
68.877	 917
69.354	 918
70.682	 919
71.589	 920
72.09	 921
73.41	 922
74.324	 923
74.847	 924
76.158	 925
77.078	 926
78.0	 927
79.31	 928
79.85	 929
81.154	 930
82.462	 931
83.385	 932
84.694	 933
85.615	 934
86.539	 935
87.846	 936
89.157	 937
90.078	 938
91.389	 939
92.704	 940
93.622	 941
94.937	 942
96.255	 943
96.664	 944
97.082	 945
98.412	 946
99.745	 947
101.079	 948
101.518	 949
102.859	 950
104.202	 951
103.769	 952
105.119	 953
105.589	 954
106.944	 955
107.424	 956
107.912	 957
109.275	 958
110.145	 959
111.508	 960
111.893	 961
111.018	 962
111.414	 963
111.826	 964
110.941	 965
111.364	 966
112.254	 967
111.803	 968
111.36	 969
110.463	 970
110.923	 971
110.494	 972
110.073	 973
109.659	 974
108.747	 975
109.252	 976
108.853	 977
109.385	 978
108.462	 979
109.005	 980
108.632	 981
107.703	 982
108.268	 983
106.977	 984
106.626	 985
106.283	 986
105.948	 987
105.622	 988
105.304	 989
104.043	 990
104.695	 991
103.74	 992
104.403	 993
103.16	 994
102.883	 995
102.616	 996
103.325	 997
102.357	 998
103.078	 999
101.868	 1000
100.663	 1001
100.439	 1002
100.225	 1003
99.247	 1004
100.02	 1005
98.843	 1006
97.673	 1007
97.494	 1008
97.324	 1009
96.177	 1010
96.026	 1011
95.037	 1012
95.885	 1013
94.763	 1014
93.648	 1015
93.536	 1016
93.434	 1017
92.347	 1018
92.266	 1019
91.198	 1020
91.137	 1021
90.139	 1022
90.089	 1023
89.09	 1024
90.05	 1025
90.022	 1026
89.022	 1027
90.006	 1028
89.0	 1029
88.006	 1030
88.023	 1031
87.023	 1032
86.052	 1033
86.093	 1034
86.145	 1035
85.212	 1036
85.288	 1037
84.291	 1038
83.385	 1039
83.487	 1040
82.608	 1041
82.735	 1042
81.744	 1043
80.895	 1044
81.049	 1045
81.216	 1046
80.411	 1047
79.624	 1048
78.854	 1049
79.076	 1050
78.102	 1051
77.369	 1052
77.621	 1053
76.922	 1054
77.201	 1055
76.243	 1056
75.584	 1057
75.895	 1058
75.273	 1059
74.673	 1060
74.095	 1061
73.539	 1062
73.007	 1063
72.498	 1064
71.589	 1065
72.918	 1066
72.014	 1067
71.113	 1068
71.554	 1069
71.12	 1070
70.711	 1071
70.328	 1072
69.971	 1073
70.491	 1074
69.642	 1075
69.34	 1076
69.893	 1077
69.065	 1078
68.242	 1079
68.007	 1080
68.6	 1081
68.411	 1082
68.25	 1083
68.118	 1084
68.768	 1085
68.015	 1086
67.941	 1087
67.897	 1088
67.179	 1089
67.179	 1090
67.897	 1091
67.209	 1092
67.268	 1093
68.015	 1094
68.118	 1095
68.884	 1096
68.25	 1097
68.411	 1098
69.203	 1099
69.405	 1100
68.007	 1101
68.819	 1102
68.242	 1103
69.065	 1104
69.34	 1105
68.797	 1106
69.116	 1107
68.6	 1108
68.964	 1109
69.836	 1110
70.235	 1111
71.12	 1112
70.661	 1113
70.214	 1114
70.682	 1115
71.589	 1116
72.498	 1117
72.09	 1118
73.41	 1119
73.824	 1120
74.733	 1121
75.24	 1122
76.158	 1123
77.078	 1124
76.694	 1125
77.253	 1126
78.186	 1127
78.772	 1128
78.435	 1129
79.712	 1130
79.379	 1131
79.057	 1132
78.746	 1133
78.447	 1134
78.16	 1135
76.922	 1136
76.655	 1137
76.4	 1138
76.158	 1139
75.928	 1140
76.688	 1141
77.466	 1142
77.279	 1143
77.104	 1144
77.929	 1145
78.918	 1146
79.762	 1147
78.638	 1148
79.63	 1149
79.511	 1150
80.399	 1151
79.31	 1152
80.306	 1153
80.225	 1154
81.222	 1155
81.154	 1156
80.1	 1157
81.099	 1158
81.056	 1159
80.025	 1160
81.025	 1161
81.006	 1162
81.0	 1163
81.006	 1164
81.025	 1165
82.055	 1166
81.099	 1167
80.1	 1168
79.158	 1169
80.156	 1170
80.225	 1171
79.31	 1172
78.409	 1173
78.518	 1174
78.638	 1175
77.782	 1176
77.929	 1177
77.104	 1178
77.279	 1179
77.466	 1180
76.688	 1181
76.903	 1182
77.13	 1183
76.4	 1184
76.655	 1185
76.922	 1186
77.201	 1187
76.538	 1188
76.844	 1189
77.162	 1190
76.551	 1191
77.492	 1192
77.833	 1193
78.186	 1194
77.621	 1195
78.0	 1196
78.39	 1197
78.791	 1198
79.202	 1199
79.624	 1200
80.056	 1201
80.498	 1202
80.062	 1203
80.529	 1204
80.951	 1205
80.529	 1206
81.884	 1207
81.492	 1208
82.365	 1209
82.855	 1210
82.492	 1211
83.006	 1212
83.355	 1213
83.006	 1214
84.38	 1215
84.06	 1216
84.599	 1217
84.906	 1218
84.599	 1219
85.983	 1220
85.703	 1221
86.533	 1222
87.092	 1223
87.658	 1224
87.419	 1225
88.233	 1226
88.814	 1227
88.6	 1228
89.202	 1229
89.404	 1230
89.202	 1231
90.604	 1232
90.427	 1233
91.214	 1234
91.831	 1235
0.0	 1236
0.0	 1237
0.0	 1238
0.0	 1239
0.0	 1240
0.0	 1241
0.0	 1242
0.0	 1243
0.0	 1244
0.0	 1245
0.0	 1246
0.0	 1247
0.0	 1248
0.0	 1249
0.0	 1250
0.0	 1251
0.0	 1252
0.0	 1253
0.0	 1254
0.0	 1255
0.0	 1256
0.0	 1257
0.0	 1258
0.0	 1259
0.0	 1260
0.0	 1261
0.0	 1262
0.0	 1263
0.0	 1264
0.0	 1265
0.0	 1266
0.0	 1267
0.0	 1268
0.0	 1269
0.0	 1270
0.0	 1271
0.0	 1272
0.0	 1273
0.0	 1274
0.0	 1275
0.0	 1276
0.0	 1277
0.0	 1278
0.0	 1279
0.0	 1280
0.0	 1281
0.0	 1282
0.0	 1283
0.0	 1284
0.0	 1285
0.0	 1286
0.0	 1287
0.0	 1288
0.0	 1289
0.0	 1290
0.0	 1291
0.0	 1292
0.0	 1293
0.0	 1294
0.0	 1295
0.0	 1296
0.0	 1297
0.0	 1298
0.0	 1299
0.0	 1300
0.0	 1301
0.0	 1302
0.0	 1303
0.0	 1304
0.0	 1305
0.0	 1306
0.0	 1307
0.0	 1308
0.0	 1309
0.0	 1310
0.0	 1311
0.0	 1312
0.0	 1313
0.0	 1314
0.0	 1315
0.0	 1316
0.0	 1317
0.0	 1318
0.0	 1319
0.0	 1320
0.0	 1321
0.0	 1322
0.0	 1323
0.0	 1324
0.0	 1325
0.0	 1326
0.0	 1327
0.0	 1328
0.0	 1329
0.0	 1330
0.0	 1331
0.0	 1332
0.0	 1333
0.0	 1334
0.0	 1335
0.0	 1336
0.0	 1337
0.0	 1338
0.0	 1339
0.0	 1340
0.0	 1341
0.0	 1342
0.0	 1343
0.0	 1344
0.0	 1345
0.0	 1346
0.0	 1347
0.0	 1348
0.0	 1349
0.0	 1350
0.0	 1351
0.0	 1352
0.0	 1353
0.0	 1354
0.0	 1355
0.0	 1356
0.0	 1357
0.0	 1358
0.0	 1359
0.0	 1360
0.0	 1361
0.0	 1362
0.0	 1363
0.0	 1364
0.0	 1365
0.0	 1366
0.0	 1367
0.0	 1368
0.0	 1369
0.0	 1370
0.0	 1371
0.0	 1372
0.0	 1373
0.0	 1374
0.0	 1375
0.0	 1376
0.0	 1377
0.0	 1378
0.0	 1379
0.0	 1380
0.0	 1381
0.0	 1382
0.0	 1383
0.0	 1384
0.0	 1385
0.0	 1386
0.0	 1387
0.0	 1388
0.0	 1389
0.0	 1390
0.0	 1391
0.0	 1392
0.0	 1393
0.0	 1394
0.0	 1395
0.0	 1396
0.0	 1397
0.0	 1398
0.0	 1399
0.0	 1400
0.0	 1401
0.0	 1402
0.0	 1403
0.0	 1404
0.0	 1405
0.0	 1406
0.0	 1407
0.0	 1408
0.0	 1409
0.0	 1410
0.0	 1411
0.0	 1412
0.0	 1413
0.0	 1414
0.0	 1415
0.0	 1416
0.0	 1417
0.0	 1418
0.0	 1419
0.0	 1420
0.0	 1421
0.0	 1422
0.0	 1423
0.0	 1424
0.0	 1425
0.0	 1426
0.0	 1427
0.0	 1428
0.0	 1429
0.0	 1430
0.0	 1431
0.0	 1432
0.0	 1433
0.0	 1434
0.0	 1435
0.0	 1436
0.0	 1437
0.0	 1438
0.0	 1439
0.0	 1440
0.0	 1441
0.0	 1442
0.0	 1443
0.0	 1444
0.0	 1445
0.0	 1446
0.0	 1447
0.0	 1448
0.0	 1449
0.0	 1450
0.0	 1451
0.0	 1452
0.0	 1453
0.0	 1454
0.0	 1455
0.0	 1456
0.0	 1457
0.0	 1458
0.0	 1459
0.0	 1460
0.0	 1461
0.0	 1462
0.0	 1463
0.0	 1464
0.0	 1465
0.0	 1466
0.0	 1467
0.0	 1468
0.0	 1469
0.0	 1470
0.0	 1471
0.0	 1472
0.0	 1473
0.0	 1474
0.0	 1475
0.0	 1476
0.0	 1477
0.0	 1478
0.0	 1479
0.0	 1480
0.0	 1481
0.0	 1482
0.0	 1483
0.0	 1484
0.0	 1485
0.0	 1486
0.0	 1487
0.0	 1488
0.0	 1489
0.0	 1490
0.0	 1491
0.0	 1492
0.0	 1493
0.0	 1494
0.0	 1495
0.0	 1496
0.0	 1497
0.0	 1498
0.0	 1499
0.0	 1500
0.0	 1501
0.0	 1502
0.0	 1503
0.0	 1504
0.0	 1505
0.0	 1506
0.0	 1507
0.0	 1508
0.0	 1509
0.0	 1510
0.0	 1511
0.0	 1512
0.0	 1513
0.0	 1514
0.0	 1515
0.0	 1516
0.0	 1517
0.0	 1518
0.0	 1519
0.0	 1520
0.0	 1521
0.0	 1522
0.0	 1523
0.0	 1524
0.0	 1525
0.0	 1526
0.0	 1527
0.0	 1528
0.0	 1529
0.0	 1530
0.0	 1531
0.0	 1532
0.0	 1533
0.0	 1534
0.0	 1535
0.0	 1536
0.0	 1537
0.0	 1538
0.0	 1539
0.0	 1540
0.0	 1541
0.0	 1542
0.0	 1543
0.0	 1544
0.0	 1545
0.0	 1546
0.0	 1547
0.0	 1548
0.0	 1549
0.0	 1550
0.0	 1551
0.0	 1552
0.0	 1553
0.0	 1554
0.0	 1555
0.0	 1556
0.0	 1557
0.0	 1558
0.0	 1559
0.0	 1560
0.0	 1561
0.0	 1562
0.0	 1563
0.0	 1564
0.0	 1565
0.0	 1566
0.0	 1567
0.0	 1568
0.0	 1569
0.0	 1570
0.0	 1571
0.0	 1572
0.0	 1573
0.0	 1574
0.0	 1575
0.0	 1576
0.0	 1577
0.0	 1578
0.0	 1579
0.0	 1580
0.0	 1581
0.0	 1582
0.0	 1583
0.0	 1584
0.0	 1585
0.0	 1586
0.0	 1587
0.0	 1588
0.0	 1589
0.0	 1590
0.0	 1591
0.0	 1592
0.0	 1593
0.0	 1594
0.0	 1595
0.0	 1596
0.0	 1597
0.0	 1598
0.0	 1599
0.0	 1600
0.0	 1601
0.0	 1602
0.0	 1603
0.0	 1604
0.0	 1605
0.0	 1606
0.0	 1607
0.0	 1608
0.0	 1609
0.0	 1610
0.0	 1611
0.0	 1612
0.0	 1613
0.0	 1614
0.0	 1615
0.0	 1616
0.0	 1617
0.0	 1618
0.0	 1619
0.0	 1620
0.0	 1621
0.0	 1622
0.0	 1623
0.0	 1624
0.0	 1625
0.0	 1626
0.0	 1627
0.0	 1628
0.0	 1629
0.0	 1630
0.0	 1631
0.0	 1632
0.0	 1633
0.0	 1634
0.0	 1635
0.0	 1636
0.0	 1637
0.0	 1638
0.0	 1639
0.0	 1640
0.0	 1641
0.0	 1642
0.0	 1643
0.0	 1644
0.0	 1645
0.0	 1646
0.0	 1647
0.0	 1648
0.0	 1649
0.0	 1650
0.0	 1651
0.0	 1652
0.0	 1653
0.0	 1654
0.0	 1655
0.0	 1656
0.0	 1657
0.0	 1658
0.0	 1659
0.0	 1660
0.0	 1661
0.0	 1662
0.0	 1663
0.0	 1664
0.0	 1665
0.0	 1666
0.0	 1667
0.0	 1668
0.0	 1669
0.0	 1670
0.0	 1671
0.0	 1672
0.0	 1673
0.0	 1674
0.0	 1675
0.0	 1676
0.0	 1677
0.0	 1678
0.0	 1679
0.0	 1680
0.0	 1681
0.0	 1682
0.0	 1683
0.0	 1684
0.0	 1685
0.0	 1686
0.0	 1687
0.0	 1688
0.0	 1689
0.0	 1690
0.0	 1691
0.0	 1692
0.0	 1693
0.0	 1694
0.0	 1695
0.0	 1696
0.0	 1697
0.0	 1698
0.0	 1699
0.0	 1700
0.0	 1701
0.0	 1702
0.0	 1703
0.0	 1704
0.0	 1705
0.0	 1706
0.0	 1707
0.0	 1708
0.0	 1709
0.0	 1710
0.0	 1711
0.0	 1712
0.0	 1713
0.0	 1714
0.0	 1715
0.0	 1716
0.0	 1717
0.0	 1718
0.0	 1719
0.0	 1720
0.0	 1721
0.0	 1722
0.0	 1723
0.0	 1724
0.0	 1725
0.0	 1726
0.0	 1727
0.0	 1728
0.0	 1729
0.0	 1730
0.0	 1731
0.0	 1732
0.0	 1733
0.0	 1734
0.0	 1735
0.0	 1736
0.0	 1737
0.0	 1738
0.0	 1739
0.0	 1740
0.0	 1741
0.0	 1742
0.0	 1743
0.0	 1744
0.0	 1745
0.0	 1746
0.0	 1747
0.0	 1748
0.0	 1749
0.0	 1750
0.0	 1751
0.0	 1752
0.0	 1753
0.0	 1754
0.0	 1755
0.0	 1756
0.0	 1757
0.0	 1758
0.0	 1759
0.0	 1760
0.0	 1761
0.0	 1762
0.0	 1763
0.0	 1764
0.0	 1765
0.0	 1766
0.0	 1767
0.0	 1768
0.0	 1769
0.0	 1770
0.0	 1771
0.0	 1772
0.0	 1773
0.0	 1774
0.0	 1775
0.0	 1776
0.0	 1777
0.0	 1778
0.0	 1779
0.0	 1780
0.0	 1781
0.0	 1782
0.0	 1783
0.0	 1784
0.0	 1785
0.0	 1786
0.0	 1787
0.0	 1788
0.0	 1789
0.0	 1790
0.0	 1791
0.0	 1792
0.0	 1793
0.0	 1794
0.0	 1795
0.0	 1796
0.0	 1797
0.0	 1798
0.0	 1799
0.0	 1800
0.0	 1801
0.0	 1802
0.0	 1803
0.0	 1804
0.0	 1805
0.0	 1806
0.0	 1807
0.0	 1808
0.0	 1809
0.0	 1810
0.0	 1811
0.0	 1812
0.0	 1813
0.0	 1814
0.0	 1815
0.0	 1816
0.0	 1817
0.0	 1818
0.0	 1819
0.0	 1820
0.0	 1821
0.0	 1822
0.0	 1823
0.0	 1824
0.0	 1825
0.0	 1826
0.0	 1827
0.0	 1828
0.0	 1829
0.0	 1830
0.0	 1831
0.0	 1832
0.0	 1833
0.0	 1834
0.0	 1835
0.0	 1836
0.0	 1837
0.0	 1838
0.0	 1839
0.0	 1840
0.0	 1841
0.0	 1842
0.0	 1843
0.0	 1844
0.0	 1845
0.0	 1846
0.0	 1847
0.0	 1848
0.0	 1849
0.0	 1850
0.0	 1851
0.0	 1852
0.0	 1853
0.0	 1854
0.0	 1855
0.0	 1856
0.0	 1857
0.0	 1858
0.0	 1859
0.0	 1860
0.0	 1861
0.0	 1862
0.0	 1863
0.0	 1864
0.0	 1865
0.0	 1866
0.0	 1867
0.0	 1868
0.0	 1869
0.0	 1870
0.0	 1871
0.0	 1872
0.0	 1873
0.0	 1874
0.0	 1875
0.0	 1876
0.0	 1877
0.0	 1878
0.0	 1879
0.0	 1880
0.0	 1881
0.0	 1882
0.0	 1883
0.0	 1884
0.0	 1885
0.0	 1886
0.0	 1887
0.0	 1888
0.0	 1889
0.0	 1890
0.0	 1891
0.0	 1892
0.0	 1893
0.0	 1894
0.0	 1895
0.0	 1896
0.0	 1897
0.0	 1898
0.0	 1899
0.0	 1900
0.0	 1901
0.0	 1902
0.0	 1903
0.0	 1904
0.0	 1905
0.0	 1906
0.0	 1907
0.0	 1908
0.0	 1909
0.0	 1910
0.0	 1911
0.0	 1912
0.0	 1913
0.0	 1914
0.0	 1915
0.0	 1916
0.0	 1917
0.0	 1918
0.0	 1919
0.0	 1920
0.0	 1921
0.0	 1922
0.0	 1923
0.0	 1924
0.0	 1925
0.0	 1926
0.0	 1927
0.0	 1928
0.0	 1929
0.0	 1930
0.0	 1931
0.0	 1932
0.0	 1933
0.0	 1934
0.0	 1935
0.0	 1936
0.0	 1937
0.0	 1938
0.0	 1939
0.0	 1940
0.0	 1941
0.0	 1942
0.0	 1943
0.0	 1944
0.0	 1945
0.0	 1946
0.0	 1947
0.0	 1948
0.0	 1949
0.0	 1950
0.0	 1951
0.0	 1952
0.0	 1953
0.0	 1954
0.0	 1955
0.0	 1956
0.0	 1957
0.0	 1958
0.0	 1959
0.0	 1960
0.0	 1961
0.0	 1962
0.0	 1963
0.0	 1964
0.0	 1965
0.0	 1966
0.0	 1967
0.0	 1968
0.0	 1969
0.0	 1970
0.0	 1971
0.0	 1972
0.0	 1973
0.0	 1974
0.0	 1975
0.0	 1976
0.0	 1977
0.0	 1978
0.0	 1979
0.0	 1980
0.0	 1981
0.0	 1982
0.0	 1983
0.0	 1984
0.0	 1985
0.0	 1986
0.0	 1987
0.0	 1988
0.0	 1989
0.0	 1990
0.0	 1991
0.0	 1992
0.0	 1993
0.0	 1994
0.0	 1995
0.0	 1996
0.0	 1997
0.0	 1998
0.0	 1999
0.0	 2000
0.0	 2001
0.0	 2002
0.0	 2003
0.0	 2004
0.0	 2005
0.0	 2006
0.0	 2007
0.0	 2008
0.0	 2009
0.0	 2010
0.0	 2011
0.0	 2012
0.0	 2013
0.0	 2014
0.0	 2015
0.0	 2016
0.0	 2017
0.0	 2018
0.0	 2019
0.0	 2020
0.0	 2021
0.0	 2022
0.0	 2023
0.0	 2024
0.0	 2025
0.0	 2026
0.0	 2027
0.0	 2028
0.0	 2029
0.0	 2030
0.0	 2031
0.0	 2032
0.0	 2033
0.0	 2034
0.0	 2035
0.0	 2036
0.0	 2037
0.0	 2038
0.0	 2039
0.0	 2040
0.0	 2041
0.0	 2042
0.0	 2043
0.0	 2044
0.0	 2045
0.0	 2046
0.0	 2047
0.0	 2048
0.0	 2049
0.0	 2050
0.0	 2051
0.0	 2052
0.0	 2053
0.0	 2054
0.0	 2055
0.0	 2056
0.0	 2057
0.0	 2058
0.0	 2059
0.0	 2060
0.0	 2061
0.0	 2062
0.0	 2063
0.0	 2064
0.0	 2065
0.0	 2066
0.0	 2067
0.0	 2068
0.0	 2069
0.0	 2070
0.0	 2071
0.0	 2072
0.0	 2073
0.0	 2074
0.0	 2075
0.0	 2076
0.0	 2077
0.0	 2078
0.0	 2079
0.0	 2080
0.0	 2081
0.0	 2082
0.0	 2083
0.0	 2084
0.0	 2085
0.0	 2086
0.0	 2087
0.0	 2088
0.0	 2089
0.0	 2090
0.0	 2091
0.0	 2092
0.0	 2093
0.0	 2094
0.0	 2095
0.0	 2096
0.0	 2097
0.0	 2098
0.0	 2099
0.0	 2100
0.0	 2101
0.0	 2102
0.0	 2103
0.0	 2104
0.0	 2105
0.0	 2106
0.0	 2107
0.0	 2108
0.0	 2109
0.0	 2110
0.0	 2111
0.0	 2112
0.0	 2113
0.0	 2114
0.0	 2115
0.0	 2116
0.0	 2117
0.0	 2118
0.0	 2119
0.0	 2120
0.0	 2121
0.0	 2122
0.0	 2123
0.0	 2124
0.0	 2125
0.0	 2126
0.0	 2127
0.0	 2128
0.0	 2129
0.0	 2130
0.0	 2131
0.0	 2132
0.0	 2133
0.0	 2134
0.0	 2135
0.0	 2136
0.0	 2137
0.0	 2138
0.0	 2139
0.0	 2140
0.0	 2141
0.0	 2142
0.0	 2143
0.0	 2144
0.0	 2145
0.0	 2146
0.0	 2147
0.0	 2148
0.0	 2149
0.0	 2150
0.0	 2151
0.0	 2152
0.0	 2153
0.0	 2154
0.0	 2155
0.0	 2156
0.0	 2157
0.0	 2158
0.0	 2159
0.0	 2160
0.0	 2161
0.0	 2162
0.0	 2163
0.0	 2164
0.0	 2165
0.0	 2166
0.0	 2167
0.0	 2168
0.0	 2169
0.0	 2170
0.0	 2171
0.0	 2172
0.0	 2173
0.0	 2174
0.0	 2175
0.0	 2176
0.0	 2177
0.0	 2178
0.0	 2179
0.0	 2180
0.0	 2181
0.0	 2182
0.0	 2183
0.0	 2184
0.0	 2185
0.0	 2186
0.0	 2187
0.0	 2188
0.0	 2189
0.0	 2190
0.0	 2191
0.0	 2192
0.0	 2193
0.0	 2194
0.0	 2195
0.0	 2196
0.0	 2197
0.0	 2198
0.0	 2199
0.0	 2200
0.0	 2201
0.0	 2202
0.0	 2203
0.0	 2204
0.0	 2205
0.0	 2206
0.0	 2207
0.0	 2208
0.0	 2209
0.0	 2210
0.0	 2211
0.0	 2212
0.0	 2213
0.0	 2214
0.0	 2215
0.0	 2216
0.0	 2217
0.0	 2218
0.0	 2219
0.0	 2220
0.0	 2221
0.0	 2222
0.0	 2223
0.0	 2224
0.0	 2225
0.0	 2226
0.0	 2227
0.0	 2228
0.0	 2229
0.0	 2230
0.0	 2231
0.0	 2232
0.0	 2233
0.0	 2234
0.0	 2235
0.0	 2236
0.0	 2237
0.0	 2238
0.0	 2239
0.0	 2240
0.0	 2241
0.0	 2242
0.0	 2243
0.0	 2244
0.0	 2245
0.0	 2246
0.0	 2247
0.0	 2248
0.0	 2249
0.0	 2250
0.0	 2251
0.0	 2252
0.0	 2253
0.0	 2254
0.0	 2255
0.0	 2256
0.0	 2257
0.0	 2258
0.0	 2259
0.0	 2260
0.0	 2261
0.0	 2262
0.0	 2263
0.0	 2264
0.0	 2265
0.0	 2266
0.0	 2267
0.0	 2268
0.0	 2269
0.0	 2270
0.0	 2271
0.0	 2272
0.0	 2273
0.0	 2274
0.0	 2275
0.0	 2276
0.0	 2277
0.0	 2278
0.0	 2279
0.0	 2280
0.0	 2281
0.0	 2282
0.0	 2283
0.0	 2284
0.0	 2285
0.0	 2286
0.0	 2287
0.0	 2288
0.0	 2289
0.0	 2290
0.0	 2291
0.0	 2292
0.0	 2293
0.0	 2294
0.0	 2295
0.0	 2296
0.0	 2297
0.0	 2298
0.0	 2299
0.0	 2300
0.0	 2301
0.0	 2302
0.0	 2303
0.0	 2304
0.0	 2305
0.0	 2306
0.0	 2307
0.0	 2308
0.0	 2309
0.0	 2310
0.0	 2311
0.0	 2312
0.0	 2313
0.0	 2314
0.0	 2315
0.0	 2316
0.0	 2317
0.0	 2318
0.0	 2319
0.0	 2320
0.0	 2321
0.0	 2322
0.0	 2323
0.0	 2324
0.0	 2325
0.0	 2326
0.0	 2327
0.0	 2328
0.0	 2329
0.0	 2330
0.0	 2331
0.0	 2332
0.0	 2333
0.0	 2334
0.0	 2335
0.0	 2336
0.0	 2337
0.0	 2338
0.0	 2339
0.0	 2340
0.0	 2341
0.0	 2342
0.0	 2343
0.0	 2344
0.0	 2345
0.0	 2346
0.0	 2347
0.0	 2348
0.0	 2349
0.0	 2350
0.0	 2351
0.0	 2352
0.0	 2353
0.0	 2354
0.0	 2355
0.0	 2356
0.0	 2357
0.0	 2358
0.0	 2359
0.0	 2360
0.0	 2361
0.0	 2362
0.0	 2363
0.0	 2364
0.0	 2365
0.0	 2366
0.0	 2367
0.0	 2368
0.0	 2369
0.0	 2370
0.0	 2371
0.0	 2372
0.0	 2373
0.0	 2374
0.0	 2375
0.0	 2376
0.0	 2377
0.0	 2378
0.0	 2379
0.0	 2380
0.0	 2381
0.0	 2382
0.0	 2383
0.0	 2384
0.0	 2385
0.0	 2386
0.0	 2387
0.0	 2388
0.0	 2389
0.0	 2390
0.0	 2391
0.0	 2392
0.0	 2393
0.0	 2394
0.0	 2395
0.0	 2396
0.0	 2397
0.0	 2398
0.0	 2399
0.0	 2400
0.0	 2401
0.0	 2402
0.0	 2403
0.0	 2404
0.0	 2405
0.0	 2406
0.0	 2407
0.0	 2408
0.0	 2409
0.0	 2410
0.0	 2411
0.0	 2412
0.0	 2413
0.0	 2414
0.0	 2415
0.0	 2416
0.0	 2417
0.0	 2418
0.0	 2419
0.0	 2420
0.0	 2421
0.0	 2422
0.0	 2423
0.0	 2424
0.0	 2425
0.0	 2426
0.0	 2427
0.0	 2428
0.0	 2429
0.0	 2430
0.0	 2431
0.0	 2432
0.0	 2433
0.0	 2434
0.0	 2435
0.0	 2436
0.0	 2437
0.0	 2438
0.0	 2439
0.0	 2440
0.0	 2441
0.0	 2442
0.0	 2443
0.0	 2444
0.0	 2445
0.0	 2446
0.0	 2447
0.0	 2448
0.0	 2449
0.0	 2450
0.0	 2451
0.0	 2452
0.0	 2453
0.0	 2454
0.0	 2455
0.0	 2456
0.0	 2457
0.0	 2458
0.0	 2459
0.0	 2460
0.0	 2461
0.0	 2462
0.0	 2463
0.0	 2464
0.0	 2465
0.0	 2466
0.0	 2467
0.0	 2468
0.0	 2469
0.0	 2470
0.0	 2471
0.0	 2472
0.0	 2473
0.0	 2474
0.0	 2475
0.0	 2476
0.0	 2477
0.0	 2478
0.0	 2479
0.0	 2480
0.0	 2481
0.0	 2482
0.0	 2483
0.0	 2484
0.0	 2485
0.0	 2486
0.0	 2487
0.0	 2488
0.0	 2489
0.0	 2490
0.0	 2491
0.0	 2492
0.0	 2493
0.0	 2494
0.0	 2495
0.0	 2496
0.0	 2497
0.0	 2498
0.0	 2499
0.0	 2500
0.0	 2501
0.0	 2502
0.0	 2503
0.0	 2504
0.0	 2505
0.0	 2506
0.0	 2507
0.0	 2508
0.0	 2509
0.0	 2510
0.0	 2511
0.0	 2512
0.0	 2513
0.0	 2514
0.0	 2515
0.0	 2516
0.0	 2517
0.0	 2518
0.0	 2519
0.0	 2520
0.0	 2521
0.0	 2522
0.0	 2523
0.0	 2524
0.0	 2525
0.0	 2526
0.0	 2527
0.0	 2528
0.0	 2529
0.0	 2530
0.0	 2531
0.0	 2532
0.0	 2533
0.0	 2534
0.0	 2535
0.0	 2536
0.0	 2537
0.0	 2538
0.0	 2539
0.0	 2540
0.0	 2541
0.0	 2542
0.0	 2543
0.0	 2544
0.0	 2545
0.0	 2546
0.0	 2547
0.0	 2548
0.0	 2549
0.0	 2550
0.0	 2551
0.0	 2552
0.0	 2553
0.0	 2554
0.0	 2555
0.0	 2556
0.0	 2557
0.0	 2558
0.0	 2559
0.0	 2560
0.0	 2561
0.0	 2562
0.0	 2563
0.0	 2564
0.0	 2565
0.0	 2566
0.0	 2567
0.0	 2568
0.0	 2569
0.0	 2570
0.0	 2571
0.0	 2572
0.0	 2573
0.0	 2574
0.0	 2575
0.0	 2576
0.0	 2577
0.0	 2578
0.0	 2579
0.0	 2580
0.0	 2581
0.0	 2582
0.0	 2583
0.0	 2584
0.0	 2585
0.0	 2586
0.0	 2587
0.0	 2588
0.0	 2589
0.0	 2590
0.0	 2591
0.0	 2592
0.0	 2593
0.0	 2594
0.0	 2595
0.0	 2596
0.0	 2597
0.0	 2598
0.0	 2599
0.0	 2600
0.0	 2601
0.0	 2602
0.0	 2603
0.0	 2604
0.0	 2605
0.0	 2606
0.0	 2607
0.0	 2608
0.0	 2609
0.0	 2610
0.0	 2611
0.0	 2612
0.0	 2613
0.0	 2614
0.0	 2615
0.0	 2616
0.0	 2617
0.0	 2618
0.0	 2619
0.0	 2620
0.0	 2621
0.0	 2622
0.0	 2623
0.0	 2624
0.0	 2625
0.0	 2626
0.0	 2627
0.0	 2628
0.0	 2629
0.0	 2630
0.0	 2631
0.0	 2632
0.0	 2633
0.0	 2634
0.0	 2635
0.0	 2636
0.0	 2637
0.0	 2638
0.0	 2639
0.0	 2640
0.0	 2641
0.0	 2642
0.0	 2643
0.0	 2644
0.0	 2645
0.0	 2646
0.0	 2647
0.0	 2648
0.0	 2649
0.0	 2650
0.0	 2651
0.0	 2652
0.0	 2653
0.0	 2654
0.0	 2655
0.0	 2656
0.0	 2657
0.0	 2658
0.0	 2659
0.0	 2660
0.0	 2661
0.0	 2662
0.0	 2663
0.0	 2664
0.0	 2665
0.0	 2666
0.0	 2667
0.0	 2668
0.0	 2669
0.0	 2670
0.0	 2671
0.0	 2672
0.0	 2673
0.0	 2674
0.0	 2675
0.0	 2676
0.0	 2677
0.0	 2678
0.0	 2679
0.0	 2680
0.0	 2681
0.0	 2682
0.0	 2683
0.0	 2684
0.0	 2685
0.0	 2686
0.0	 2687
0.0	 2688
0.0	 2689
0.0	 2690
0.0	 2691
0.0	 2692
0.0	 2693
0.0	 2694
0.0	 2695
0.0	 2696
0.0	 2697
0.0	 2698
0.0	 2699
0.0	 2700
0.0	 2701
0.0	 2702
0.0	 2703
0.0	 2704
0.0	 2705
0.0	 2706
0.0	 2707
0.0	 2708
0.0	 2709
0.0	 2710
0.0	 2711
0.0	 2712
0.0	 2713
0.0	 2714
0.0	 2715
0.0	 2716
0.0	 2717
0.0	 2718
0.0	 2719
0.0	 2720
0.0	 2721
0.0	 2722
0.0	 2723
0.0	 2724
0.0	 2725
0.0	 2726
0.0	 2727
0.0	 2728
0.0	 2729
0.0	 2730
0.0	 2731
0.0	 2732
0.0	 2733
0.0	 2734
0.0	 2735
0.0	 2736
0.0	 2737
0.0	 2738
0.0	 2739
0.0	 2740
0.0	 2741
0.0	 2742
0.0	 2743
0.0	 2744
0.0	 2745
0.0	 2746
0.0	 2747
0.0	 2748
0.0	 2749
0.0	 2750
0.0	 2751
0.0	 2752
0.0	 2753
0.0	 2754
0.0	 2755
0.0	 2756
0.0	 2757
0.0	 2758
0.0	 2759
0.0	 2760
0.0	 2761
0.0	 2762
0.0	 2763
0.0	 2764
0.0	 2765
0.0	 2766
0.0	 2767
0.0	 2768
0.0	 2769
0.0	 2770
0.0	 2771
0.0	 2772
0.0	 2773
0.0	 2774
0.0	 2775
0.0	 2776
0.0	 2777
0.0	 2778
0.0	 2779
0.0	 2780
0.0	 2781
0.0	 2782
0.0	 2783
0.0	 2784
0.0	 2785
0.0	 2786
0.0	 2787
0.0	 2788
0.0	 2789
0.0	 2790
0.0	 2791
0.0	 2792
0.0	 2793
0.0	 2794
0.0	 2795
0.0	 2796
0.0	 2797
0.0	 2798
0.0	 2799
0.0	 2800
0.0	 2801
0.0	 2802
0.0	 2803
0.0	 2804
0.0	 2805
0.0	 2806
0.0	 2807
0.0	 2808
0.0	 2809
0.0	 2810
0.0	 2811
0.0	 2812
0.0	 2813
0.0	 2814
0.0	 2815
0.0	 2816
0.0	 2817
0.0	 2818
0.0	 2819
0.0	 2820
0.0	 2821
0.0	 2822
0.0	 2823
0.0	 2824
0.0	 2825
0.0	 2826
0.0	 2827
0.0	 2828
0.0	 2829
0.0	 2830
0.0	 2831
0.0	 2832
0.0	 2833
0.0	 2834
0.0	 2835
0.0	 2836
0.0	 2837
0.0	 2838
0.0	 2839
0.0	 2840
0.0	 2841
0.0	 2842
0.0	 2843
0.0	 2844
0.0	 2845
0.0	 2846
0.0	 2847
0.0	 2848
0.0	 2849
0.0	 2850
0.0	 2851
0.0	 2852
0.0	 2853
0.0	 2854
0.0	 2855
0.0	 2856
0.0	 2857
0.0	 2858
0.0	 2859
0.0	 2860
0.0	 2861
0.0	 2862
0.0	 2863
0.0	 2864
0.0	 2865
0.0	 2866
0.0	 2867
0.0	 2868
0.0	 2869
0.0	 2870
0.0	 2871
0.0	 2872
0.0	 2873
0.0	 2874
0.0	 2875
0.0	 2876
0.0	 2877
0.0	 2878
0.0	 2879
0.0	 2880
0.0	 2881
0.0	 2882
0.0	 2883
0.0	 2884
0.0	 2885
0.0	 2886
0.0	 2887
0.0	 2888
0.0	 2889
0.0	 2890
0.0	 2891
0.0	 2892
0.0	 2893
0.0	 2894
0.0	 2895
0.0	 2896
0.0	 2897
0.0	 2898
0.0	 2899
0.0	 2900
0.0	 2901
0.0	 2902
0.0	 2903
0.0	 2904
0.0	 2905
0.0	 2906
0.0	 2907
0.0	 2908
0.0	 2909
0.0	 2910
0.0	 2911
0.0	 2912
0.0	 2913
0.0	 2914
0.0	 2915
0.0	 2916
0.0	 2917
0.0	 2918
0.0	 2919
0.0	 2920
0.0	 2921
0.0	 2922
0.0	 2923
0.0	 2924
0.0	 2925
0.0	 2926
0.0	 2927
0.0	 2928
0.0	 2929
0.0	 2930
0.0	 2931
0.0	 2932
0.0	 2933
0.0	 2934
0.0	 2935
0.0	 2936
0.0	 2937
0.0	 2938
0.0	 2939
0.0	 2940
0.0	 2941
0.0	 2942
0.0	 2943
0.0	 2944
0.0	 2945
0.0	 2946
0.0	 2947
0.0	 2948
0.0	 2949
0.0	 2950
0.0	 2951
0.0	 2952
0.0	 2953
0.0	 2954
0.0	 2955
0.0	 2956
0.0	 2957
0.0	 2958
0.0	 2959
0.0	 2960
0.0	 2961
0.0	 2962
0.0	 2963
0.0	 2964
0.0	 2965
0.0	 2966
0.0	 2967
0.0	 2968
0.0	 2969
0.0	 2970
0.0	 2971
0.0	 2972
0.0	 2973
0.0	 2974
0.0	 2975
0.0	 2976
0.0	 2977
0.0	 2978
0.0	 2979
0.0	 2980
0.0	 2981
0.0	 2982
0.0	 2983
0.0	 2984
0.0	 2985
0.0	 2986
0.0	 2987
0.0	 2988
0.0	 2989
0.0	 2990
0.0	 2991
0.0	 2992
0.0	 2993
0.0	 2994
0.0	 2995
0.0	 2996
0.0	 2997
0.0	 2998
0.0	 2999
0.0	 3000
0.0	 3001
0.0	 3002
0.0	 3003
0.0	 3004
0.0	 3005
0.0	 3006
0.0	 3007
0.0	 3008
0.0	 3009
0.0	 3010
0.0	 3011
0.0	 3012
0.0	 3013
0.0	 3014
0.0	 3015
0.0	 3016
0.0	 3017
0.0	 3018
0.0	 3019
0.0	 3020
0.0	 3021
0.0	 3022
0.0	 3023
0.0	 3024
0.0	 3025
0.0	 3026
0.0	 3027
0.0	 3028
0.0	 3029
0.0	 3030
0.0	 3031
0.0	 3032
0.0	 3033
0.0	 3034
0.0	 3035
0.0	 3036
0.0	 3037
0.0	 3038
0.0	 3039
0.0	 3040
0.0	 3041
0.0	 3042
0.0	 3043
0.0	 3044
0.0	 3045
0.0	 3046
0.0	 3047
0.0	 3048
0.0	 3049
0.0	 3050
0.0	 3051
0.0	 3052
0.0	 3053
0.0	 3054
0.0	 3055
0.0	 3056
0.0	 3057
0.0	 3058
0.0	 3059
0.0	 3060
0.0	 3061
0.0	 3062
0.0	 3063
0.0	 3064
0.0	 3065
0.0	 3066
0.0	 3067
0.0	 3068
0.0	 3069
0.0	 3070
0.0	 3071
0.0	 3072
0.0	 3073
0.0	 3074
0.0	 3075
0.0	 3076
0.0	 3077
0.0	 3078
0.0	 3079
0.0	 3080
0.0	 3081
0.0	 3082
0.0	 3083
0.0	 3084
0.0	 3085
0.0	 3086
0.0	 3087
0.0	 3088
0.0	 3089
0.0	 3090
0.0	 3091
0.0	 3092
0.0	 3093
0.0	 3094
0.0	 3095
0.0	 3096
0.0	 3097
0.0	 3098
0.0	 3099
0.0	 3100
0.0	 3101
0.0	 3102
0.0	 3103
0.0	 3104
0.0	 3105
0.0	 3106
0.0	 3107
0.0	 3108
0.0	 3109
0.0	 3110
0.0	 3111
0.0	 3112
0.0	 3113
0.0	 3114
0.0	 3115
0.0	 3116
0.0	 3117
0.0	 3118
0.0	 3119
0.0	 3120
0.0	 3121
0.0	 3122
0.0	 3123
0.0	 3124
0.0	 3125
0.0	 3126
0.0	 3127
0.0	 3128
0.0	 3129
0.0	 3130
0.0	 3131
0.0	 3132
0.0	 3133
0.0	 3134
0.0	 3135
0.0	 3136
0.0	 3137
0.0	 3138
0.0	 3139
0.0	 3140
0.0	 3141
0.0	 3142
0.0	 3143
0.0	 3144
0.0	 3145
0.0	 3146
0.0	 3147
0.0	 3148
0.0	 3149
0.0	 3150
0.0	 3151
0.0	 3152
0.0	 3153
0.0	 3154
0.0	 3155
0.0	 3156
0.0	 3157
0.0	 3158
0.0	 3159
0.0	 3160
0.0	 3161
0.0	 3162
0.0	 3163
0.0	 3164
0.0	 3165
0.0	 3166
0.0	 3167
0.0	 3168
0.0	 3169
0.0	 3170
0.0	 3171
0.0	 3172
0.0	 3173
0.0	 3174
0.0	 3175
0.0	 3176
0.0	 3177
0.0	 3178
0.0	 3179
0.0	 3180
0.0	 3181
0.0	 3182
0.0	 3183
0.0	 3184
0.0	 3185
0.0	 3186
0.0	 3187
0.0	 3188
0.0	 3189
0.0	 3190
0.0	 3191
0.0	 3192
0.0	 3193
0.0	 3194
0.0	 3195
0.0	 3196
0.0	 3197
0.0	 3198
0.0	 3199
0.0	 3200
0.0	 3201
0.0	 3202
0.0	 3203
0.0	 3204
0.0	 3205
0.0	 3206
0.0	 3207
0.0	 3208
0.0	 3209
0.0	 3210
0.0	 3211
0.0	 3212
0.0	 3213
0.0	 3214
0.0	 3215
0.0	 3216
0.0	 3217
0.0	 3218
0.0	 3219
0.0	 3220
0.0	 3221
0.0	 3222
0.0	 3223
0.0	 3224
0.0	 3225
0.0	 3226
0.0	 3227
0.0	 3228
0.0	 3229
0.0	 3230
0.0	 3231
0.0	 3232
0.0	 3233
0.0	 3234
0.0	 3235
0.0	 3236
0.0	 3237
0.0	 3238
0.0	 3239
0.0	 3240
0.0	 3241
0.0	 3242
0.0	 3243
0.0	 3244
0.0	 3245
0.0	 3246
0.0	 3247
0.0	 3248
0.0	 3249
0.0	 3250
0.0	 3251
0.0	 3252
0.0	 3253
0.0	 3254
0.0	 3255
0.0	 3256
0.0	 3257
0.0	 3258
0.0	 3259
0.0	 3260
0.0	 3261
0.0	 3262
0.0	 3263
0.0	 3264
0.0	 3265
0.0	 3266
0.0	 3267
0.0	 3268
0.0	 3269
0.0	 3270
0.0	 3271
0.0	 3272
0.0	 3273
0.0	 3274
0.0	 3275
0.0	 3276
0.0	 3277
0.0	 3278
0.0	 3279
0.0	 3280
0.0	 3281
0.0	 3282
0.0	 3283
0.0	 3284
0.0	 3285
0.0	 3286
0.0	 3287
0.0	 3288
0.0	 3289
0.0	 3290
0.0	 3291
0.0	 3292
0.0	 3293
0.0	 3294
0.0	 3295
0.0	 3296
0.0	 3297
0.0	 3298
0.0	 3299
0.0	 3300
0.0	 3301
0.0	 3302
0.0	 3303
0.0	 3304
0.0	 3305
0.0	 3306
0.0	 3307
0.0	 3308
0.0	 3309
0.0	 3310
0.0	 3311
0.0	 3312
0.0	 3313
0.0	 3314
0.0	 3315
0.0	 3316
0.0	 3317
0.0	 3318
0.0	 3319
0.0	 3320
0.0	 3321
0.0	 3322
0.0	 3323
0.0	 3324
0.0	 3325
0.0	 3326
0.0	 3327
0.0	 3328
0.0	 3329
0.0	 3330
0.0	 3331
0.0	 3332
0.0	 3333
0.0	 3334
0.0	 3335
0.0	 3336
0.0	 3337
0.0	 3338
0.0	 3339
0.0	 3340
0.0	 3341
0.0	 3342
0.0	 3343
0.0	 3344
0.0	 3345
0.0	 3346
0.0	 3347
0.0	 3348
0.0	 3349
0.0	 3350
0.0	 3351
0.0	 3352
0.0	 3353
0.0	 3354
0.0	 3355
0.0	 3356
0.0	 3357
0.0	 3358
0.0	 3359
0.0	 3360
0.0	 3361
0.0	 3362
0.0	 3363
0.0	 3364
0.0	 3365
0.0	 3366
0.0	 3367
0.0	 3368
0.0	 3369
0.0	 3370
0.0	 3371
0.0	 3372
0.0	 3373
0.0	 3374
0.0	 3375
0.0	 3376
0.0	 3377
0.0	 3378
0.0	 3379
0.0	 3380
0.0	 3381
0.0	 3382
0.0	 3383
0.0	 3384
0.0	 3385
0.0	 3386
0.0	 3387
0.0	 3388
0.0	 3389
0.0	 3390
0.0	 3391
0.0	 3392
0.0	 3393
0.0	 3394
0.0	 3395
0.0	 3396
0.0	 3397
0.0	 3398
0.0	 3399
0.0	 3400
0.0	 3401
0.0	 3402
0.0	 3403
0.0	 3404
0.0	 3405
0.0	 3406
0.0	 3407
0.0	 3408
0.0	 3409
0.0	 3410
0.0	 3411
0.0	 3412
0.0	 3413
0.0	 3414
0.0	 3415
0.0	 3416
0.0	 3417
0.0	 3418
0.0	 3419
0.0	 3420
0.0	 3421
0.0	 3422
0.0	 3423
0.0	 3424
0.0	 3425
0.0	 3426
0.0	 3427
0.0	 3428
0.0	 3429
0.0	 3430
0.0	 3431
0.0	 3432
0.0	 3433
0.0	 3434
0.0	 3435
0.0	 3436
0.0	 3437
0.0	 3438
0.0	 3439
0.0	 3440
0.0	 3441
0.0	 3442
0.0	 3443
0.0	 3444
0.0	 3445
0.0	 3446
0.0	 3447
0.0	 3448
0.0	 3449
0.0	 3450
0.0	 3451
0.0	 3452
0.0	 3453
0.0	 3454
0.0	 3455
0.0	 3456
0.0	 3457
0.0	 3458
0.0	 3459
0.0	 3460
0.0	 3461
0.0	 3462
0.0	 3463
0.0	 3464
0.0	 3465
0.0	 3466
0.0	 3467
0.0	 3468
0.0	 3469
0.0	 3470
0.0	 3471
0.0	 3472
0.0	 3473
0.0	 3474
0.0	 3475
0.0	 3476
0.0	 3477
0.0	 3478
0.0	 3479
0.0	 3480
0.0	 3481
0.0	 3482
0.0	 3483
0.0	 3484
0.0	 3485
0.0	 3486
0.0	 3487
0.0	 3488
0.0	 3489
0.0	 3490
0.0	 3491
0.0	 3492
0.0	 3493
0.0	 3494
0.0	 3495
0.0	 3496
0.0	 3497
0.0	 3498
0.0	 3499
0.0	 3500
0.0	 3501
0.0	 3502
0.0	 3503
0.0	 3504
0.0	 3505
0.0	 3506
0.0	 3507
0.0	 3508
0.0	 3509
0.0	 3510
0.0	 3511
0.0	 3512
0.0	 3513
0.0	 3514
0.0	 3515
0.0	 3516
0.0	 3517
0.0	 3518
0.0	 3519
0.0	 3520
0.0	 3521
0.0	 3522
0.0	 3523
0.0	 3524
0.0	 3525
0.0	 3526
0.0	 3527
0.0	 3528
0.0	 3529
0.0	 3530
0.0	 3531
0.0	 3532
0.0	 3533
0.0	 3534
0.0	 3535
0.0	 3536
0.0	 3537
0.0	 3538
0.0	 3539
0.0	 3540
0.0	 3541
0.0	 3542
0.0	 3543
0.0	 3544
0.0	 3545
0.0	 3546
0.0	 3547
0.0	 3548
0.0	 3549
0.0	 3550
0.0	 3551
0.0	 3552
0.0	 3553
0.0	 3554
0.0	 3555
0.0	 3556
0.0	 3557
0.0	 3558
0.0	 3559
0.0	 3560
0.0	 3561
0.0	 3562
0.0	 3563
0.0	 3564
0.0	 3565
0.0	 3566
0.0	 3567
0.0	 3568
0.0	 3569
0.0	 3570
0.0	 3571
0.0	 3572
0.0	 3573
0.0	 3574
0.0	 3575
0.0	 3576
0.0	 3577
0.0	 3578
0.0	 3579
0.0	 3580
0.0	 3581
0.0	 3582
0.0	 3583
0.0	 3584
0.0	 3585
0.0	 3586
0.0	 3587
0.0	 3588
0.0	 3589
0.0	 3590
0.0	 3591
0.0	 3592
0.0	 3593
0.0	 3594
0.0	 3595
0.0	 3596
0.0	 3597
0.0	 3598
0.0	 3599
0.0	 3600
0.0	 3601
0.0	 3602
0.0	 3603
0.0	 3604
0.0	 3605
0.0	 3606
0.0	 3607
0.0	 3608
0.0	 3609
0.0	 3610
0.0	 3611
0.0	 3612
0.0	 3613
0.0	 3614
0.0	 3615
0.0	 3616
0.0	 3617
0.0	 3618
0.0	 3619
0.0	 3620
0.0	 3621
0.0	 3622
0.0	 3623
0.0	 3624
0.0	 3625
0.0	 3626
0.0	 3627
0.0	 3628
0.0	 3629
0.0	 3630
0.0	 3631
0.0	 3632
0.0	 3633
0.0	 3634
0.0	 3635
0.0	 3636
0.0	 3637
0.0	 3638
0.0	 3639
0.0	 3640
0.0	 3641
0.0	 3642
0.0	 3643
0.0	 3644
0.0	 3645
0.0	 3646
0.0	 3647
0.0	 3648
0.0	 3649
0.0	 3650
0.0	 3651
0.0	 3652
0.0	 3653
0.0	 3654
0.0	 3655
0.0	 3656
0.0	 3657
0.0	 3658
0.0	 3659
0.0	 3660
0.0	 3661
0.0	 3662
0.0	 3663
0.0	 3664
0.0	 3665
0.0	 3666
0.0	 3667
0.0	 3668
0.0	 3669
0.0	 3670
0.0	 3671
0.0	 3672
0.0	 3673
0.0	 3674
0.0	 3675
0.0	 3676
0.0	 3677
0.0	 3678
0.0	 3679
0.0	 3680
0.0	 3681
0.0	 3682
0.0	 3683
0.0	 3684
0.0	 3685
0.0	 3686
0.0	 3687
0.0	 3688
0.0	 3689
0.0	 3690
0.0	 3691
0.0	 3692
0.0	 3693
0.0	 3694
0.0	 3695
0.0	 3696
0.0	 3697
0.0	 3698
0.0	 3699
0.0	 3700
0.0	 3701
0.0	 3702
0.0	 3703
0.0	 3704
0.0	 3705
0.0	 3706
0.0	 3707
0.0	 3708
0.0	 3709
0.0	 3710
0.0	 3711
0.0	 3712
0.0	 3713
0.0	 3714
0.0	 3715
0.0	 3716
0.0	 3717
0.0	 3718
0.0	 3719
0.0	 3720
0.0	 3721
0.0	 3722
0.0	 3723
0.0	 3724
0.0	 3725
0.0	 3726
0.0	 3727
0.0	 3728
0.0	 3729
0.0	 3730
0.0	 3731
0.0	 3732
0.0	 3733
0.0	 3734
0.0	 3735
0.0	 3736
0.0	 3737
0.0	 3738
0.0	 3739
0.0	 3740
0.0	 3741
0.0	 3742
0.0	 3743
0.0	 3744
0.0	 3745
0.0	 3746
0.0	 3747
0.0	 3748
0.0	 3749
0.0	 3750
0.0	 3751
0.0	 3752
0.0	 3753
0.0	 3754
0.0	 3755
0.0	 3756
0.0	 3757
0.0	 3758
0.0	 3759
0.0	 3760
0.0	 3761
0.0	 3762
0.0	 3763
0.0	 3764
0.0	 3765
0.0	 3766
0.0	 3767
0.0	 3768
0.0	 3769
0.0	 3770
0.0	 3771
0.0	 3772
0.0	 3773
0.0	 3774
0.0	 3775
0.0	 3776
0.0	 3777
0.0	 3778
0.0	 3779
0.0	 3780
0.0	 3781
0.0	 3782
0.0	 3783
0.0	 3784
0.0	 3785
0.0	 3786
0.0	 3787
0.0	 3788
0.0	 3789
0.0	 3790
0.0	 3791
0.0	 3792
0.0	 3793
0.0	 3794
0.0	 3795
0.0	 3796
0.0	 3797
0.0	 3798
0.0	 3799
0.0	 3800
0.0	 3801
0.0	 3802
0.0	 3803
0.0	 3804
0.0	 3805
0.0	 3806
0.0	 3807
0.0	 3808
0.0	 3809
0.0	 3810
0.0	 3811
0.0	 3812
0.0	 3813
0.0	 3814
0.0	 3815
0.0	 3816
0.0	 3817
0.0	 3818
0.0	 3819
0.0	 3820
0.0	 3821
0.0	 3822
0.0	 3823
0.0	 3824
0.0	 3825
0.0	 3826
0.0	 3827
0.0	 3828
0.0	 3829
0.0	 3830
0.0	 3831
0.0	 3832
0.0	 3833
0.0	 3834
0.0	 3835
0.0	 3836
0.0	 3837
0.0	 3838
0.0	 3839
0.0	 3840
0.0	 3841
0.0	 3842
0.0	 3843
0.0	 3844
0.0	 3845
0.0	 3846
0.0	 3847
0.0	 3848
0.0	 3849
0.0	 3850
0.0	 3851
0.0	 3852
0.0	 3853
0.0	 3854
0.0	 3855
0.0	 3856
0.0	 3857
0.0	 3858
0.0	 3859
0.0	 3860
0.0	 3861
0.0	 3862
0.0	 3863
0.0	 3864
0.0	 3865
0.0	 3866
0.0	 3867
0.0	 3868
0.0	 3869
0.0	 3870
0.0	 3871
0.0	 3872
0.0	 3873
0.0	 3874
0.0	 3875
0.0	 3876
0.0	 3877
0.0	 3878
0.0	 3879
0.0	 3880
0.0	 3881
0.0	 3882
0.0	 3883
0.0	 3884
0.0	 3885
0.0	 3886
0.0	 3887
0.0	 3888
0.0	 3889
0.0	 3890
0.0	 3891
0.0	 3892
0.0	 3893
0.0	 3894
0.0	 3895
0.0	 3896
0.0	 3897
0.0	 3898
0.0	 3899
0.0	 3900
0.0	 3901
0.0	 3902
0.0	 3903
0.0	 3904
0.0	 3905
0.0	 3906
0.0	 3907
0.0	 3908
0.0	 3909
0.0	 3910
0.0	 3911
0.0	 3912
0.0	 3913
0.0	 3914
0.0	 3915
0.0	 3916
0.0	 3917
0.0	 3918
0.0	 3919
0.0	 3920
0.0	 3921
0.0	 3922
0.0	 3923
0.0	 3924
0.0	 3925
0.0	 3926
0.0	 3927
0.0	 3928
0.0	 3929
0.0	 3930
0.0	 3931
0.0	 3932
0.0	 3933
0.0	 3934
0.0	 3935
0.0	 3936
0.0	 3937
0.0	 3938
0.0	 3939
0.0	 3940
0.0	 3941
0.0	 3942
0.0	 3943
0.0	 3944
0.0	 3945
0.0	 3946
0.0	 3947
0.0	 3948
0.0	 3949
0.0	 3950
0.0	 3951
0.0	 3952
0.0	 3953
0.0	 3954
0.0	 3955
0.0	 3956
0.0	 3957
0.0	 3958
0.0	 3959
0.0	 3960
0.0	 3961
0.0	 3962
0.0	 3963
0.0	 3964
0.0	 3965
0.0	 3966
0.0	 3967
0.0	 3968
0.0	 3969
0.0	 3970
0.0	 3971
0.0	 3972
0.0	 3973
0.0	 3974
0.0	 3975
0.0	 3976
0.0	 3977
0.0	 3978
0.0	 3979
0.0	 3980
0.0	 3981
0.0	 3982
0.0	 3983
0.0	 3984
0.0	 3985
0.0	 3986
0.0	 3987
0.0	 3988
0.0	 3989
0.0	 3990
0.0	 3991
0.0	 3992
0.0	 3993
0.0	 3994
0.0	 3995
0.0	 3996
0.0	 3997
0.0	 3998
0.0	 3999
0.0	 4000
0.0	 4001
0.0	 4002
0.0	 4003
0.0	 4004
0.0	 4005
0.0	 4006
0.0	 4007
0.0	 4008
0.0	 4009
0.0	 4010
0.0	 4011
0.0	 4012
0.0	 4013
0.0	 4014
0.0	 4015
0.0	 4016
0.0	 4017
0.0	 4018
0.0	 4019
0.0	 4020
0.0	 4021
0.0	 4022
0.0	 4023
0.0	 4024
0.0	 4025
0.0	 4026
0.0	 4027
0.0	 4028
0.0	 4029
0.0	 4030
0.0	 4031
0.0	 4032
0.0	 4033
0.0	 4034
0.0	 4035
0.0	 4036
0.0	 4037
0.0	 4038
0.0	 4039
0.0	 4040
0.0	 4041
0.0	 4042
0.0	 4043
0.0	 4044
0.0	 4045
0.0	 4046
0.0	 4047
0.0	 4048
0.0	 4049
0.0	 4050
0.0	 4051
0.0	 4052
0.0	 4053
0.0	 4054
0.0	 4055
0.0	 4056
0.0	 4057
0.0	 4058
0.0	 4059
0.0	 4060
0.0	 4061
0.0	 4062
0.0	 4063
0.0	 4064
0.0	 4065
0.0	 4066
0.0	 4067
0.0	 4068
0.0	 4069
0.0	 4070
0.0	 4071
0.0	 4072
0.0	 4073
0.0	 4074
0.0	 4075
0.0	 4076
0.0	 4077
0.0	 4078
0.0	 4079
0.0	 4080
0.0	 4081
0.0	 4082
0.0	 4083
0.0	 4084
0.0	 4085
0.0	 4086
0.0	 4087
0.0	 4088
0.0	 4089
0.0	 4090
0.0	 4091
0.0	 4092
0.0	 4093
0.0	 4094
0.0	 4095
